# ternary3-timing/data/seeds_p12.bin PARAMS=12 reps=15000 nbuckets=30
rej   n      median_cycles
  9    217   9614
 10    537   9674
 11    998   9684
 12   1713   9700
 13   2757   9712
 14   4224   9730
 15   6169   9738
 16   8192   9758
 17   8192   9768
 18   8192   9790
 19   8192   9800
 20   8192   9822
 21   8192   9832
 22   8192   9856
 23   8192   9868
 24   8192   9892
 25   8192   9904
 26   8192   9928
 27   8192   9940
 28   7044   9964
 29   5424   9978
 30   3981   10004
 31   2912   10018
 32   2042   10042
 33   1384   10058
 34    947   10082
 35    555   10096
 36    359   10106
 37    225   10092
 38    146   10056
SLOPE 16.67 cycles/rejection (isolated poly_sample_r, OLS over 30 buckets) sink=-51603
