# ternary3-timing/data/seeds_p6.bin PARAMS=6 reps=15000 nbuckets=30
rej   n      median_cycles
  9    220   9642
 10    485   9784
 11    963   9812
 12   1724   9838
 13   2831   9854
 14   4347   9882
 15   6193   9896
 16   8192   9926
 17   8192   9942
 18   8192   9972
 19   8192   9988
 20   8192   10018
 21   8192   10036
 22   8192   10066
 23   8192   10086
 24   8192   10116
 25   8192   10134
 26   8192   10164
 27   8192   10184
 28   7100   10218
 29   5379   10234
 30   3947   10266
 31   2796   10286
 32   1994   10316
 33   1370   10340
 34    914   10368
 35    568   10384
 36    371   10358
 37    225   10308
 38    110   10332
SLOPE 23.05 cycles/rejection (isolated poly_sample_r, OLS over 30 buckets) sink=52069
