1 0 2 1 0.355957031250 40.207200765610 0.000000000000 0.009017467499 45.521445274353
2 1 4 -8 0.215332031250 -0.133870601654 0.000000000000 -0.003797292709 0.150381326675
1 -3 -8 -1 -0.377929687500 0.230373382568 0.000000000000 0.014121532440 -0.157801389694
0 1 6 -3 -0.174804687500 0.146970748901 0.000000000000 0.007151603699 0.002416849136
0 -2 -1 -6 0.372070312500 -0.069630146027 0.000000000000 0.009042501450 0.132842779160
1 3 -4 -4 0.098144531250 0.289354324341 0.000000000000 0.001942634583 -0.186812877655
2 1 11 -9 0.009765625000 -0.137176990509 0.000000000000 0.018577098846 0.003157138824
0 1 18 8 -0.265136718750 0.066783428192 0.000000000000 0.018821716309 -0.079516410828
4 -2 1 8 -0.004394531250 0.231434345245 0.000000000000 -0.016883373260 -0.229099035263
1 -1 7 4 -0.448730468750 0.319088220596 0.000000000000 -0.016110658646 -0.290161132812
2 0 0 -1 0.488769531250 0.333538055420 0.000000000000 0.003757715225 -0.239453792572
0 -1 3 5 0.223144531250 0.335358858109 0.000000000000 -0.006493568420 -0.202025413513
2 1 3 2 0.225585937500 -0.372078180313 0.000000000000 -0.005660295486 0.342082738876
0 1 29 2 0.107910156250 0.354818105698 0.000000000000 -0.003396749496 -0.235495567322
1 -2 5 -10 0.006347656250 0.313807487488 0.000000000000 0.011556625366 -0.159931659698
1 -2 7 -11 0.252929687500 0.041110038757 0.000000000000 0.012157440186 -0.088231325150
-2 1 -4 -8 -0.041503906250 -0.144730806351 0.000000000000 0.019941568375 0.134960174561
-2 3 -22 -14 -0.134765625000 0.355275154114 0.000000000000 -0.015024662018 -0.413665771484
-3 0 -6 -12 0.198730468750 0.265082597733 0.000000000000 0.011236429214 0.035174846649
1 -1 -26 3 -0.481445312500 -0.160876989365 0.000000000000 0.011889696121 0.233005762100
0 -3 -3 -2 0.040527343750 -0.483425617218 0.000000000000 -0.003269195557 0.418345212936
2 -2 6 -15 0.259765625000 -0.366979360580 0.000000000000 -0.002973794937 0.209048748016
6 0 15 -16 0.018066406250 0.047418594360 0.000000000000 0.020308017731 -0.039529800415
1 -1 1 -20 0.122558593750 -0.137079000473 0.000000000000 -0.006554126740 0.106983184814
0 2 -8 -3 -0.049316406250 0.177905559540 0.000000000000 -0.011629104614 -0.058578729630
-1 2 12 0 -0.288085937500 0.315547466278 0.000000000000 -0.008975744247 -0.248136520386
2 0 -8 6 0.268554687500 0.577129125595 0.000000000000 -0.012359380722 -0.385991811752
1 -2 -15 -17 -0.010253906250 -0.480081319809 0.000000000000 0.008428812027 0.315576791763
0 -3 9 -6 0.283691406250 -0.386305570602 0.000000000000 -0.004621267319 0.404582500458
-3 0 1 -2 0.010253906250 0.038749456406 0.000000000000 -0.005592823029 -0.047488927841
1 1 -18 -11 0.354003906250 -0.058784484863 0.000000000000 -0.006834983826 0.039465427399
1 -2 -11 13 0.475097656250 -0.236986160278 0.000000000000 0.003477334976 0.087202548981
0 1 1 20 -0.268554687500 0.351737976074 0.000000000000 -0.023936748505 -0.377601623535
-1 2 -15 0 0.028320312500 -0.400076150894 0.000000000000 0.006824254990 0.195443153381
-3 0 -16 2 0.229003906250 0.284633159637 0.000000000000 0.008542537689 -0.094115495682
0 -2 6 1 -0.408691406250 -0.019713878632 0.000000000000 -0.002064466476 0.149718523026
-2 2 -25 -2 0.345703125000 0.147840023041 0.000000000000 0.001384973526 -0.068059206009
2 2 -1 -12 -0.192871093750 -0.399961471558 0.000000000000 0.000406742096 0.234024047852
1 0 -6 -15 0.076660156250 -0.049264192581 0.000000000000 -0.021887779236 -0.057689666748
1 1 5 -4 -0.166992187500 -0.087985038757 0.000000000000 0.006371974945 -0.115546464920
1 0 7 9 -0.043457031250 0.171105146408 0.000000000000 -0.020445108414 -0.042954921722
1 -1 5 5 -0.452148437500 0.204375028610 0.000000000000 -0.014690876007 -0.158066749573
1 2 -13 12 0.229492187500 -0.247392654419 0.000000000000 0.015593767166 0.206197023392
0 2 20 1 -0.135253906250 -0.242193937302 0.000000000000 0.012006759644 0.148450136185
-1 -2 13 6 -0.073730468750 -0.462136268616 0.000000000000 -0.012536048889 0.284116506577
0 -1 9 -15 -0.392578125000 0.166502475739 0.000000000000 -0.006853342056 -0.172878265381
-2 1 16 9 -0.315917968750 0.218627452850 0.000000000000 0.018393516541 -0.180957317352
2 0 14 14 -0.133300781250 -0.221395969391 0.000000000000 -0.011667490005 0.145052194595
-2 -1 -5 27 0.320800781250 0.250688076019 0.000000000000 -0.008861541748 -0.379671812057
2 -2 9 0 -0.494140625000 0.483188867569 0.000000000000 -0.013343334198 -0.238166809082
3 -1 -13 8 0.219726562500 -0.119786739349 0.000000000000 0.002438545227 0.093935728073
-3 -2 -3 0 -0.348632812500 -0.326092481613 0.000000000000 0.025767326355 0.357880592346
0 -1 13 12 -0.096191406250 0.217124462128 0.000000000000 0.003458738327 -0.114311933517
-1 0 -2 15 -0.043945312500 -0.052786827087 0.000000000000 -0.009771585464 0.029725313187
-2 -4 -12 2 0.333496093750 0.056350946426 0.000000000000 0.009716987610 -0.156133174896
-1 0 11 -1 0.185058593750 0.541774034500 0.000000000000 -0.011177301407 -0.300827026367
3 -1 -9 -5 0.077636718750 -0.485327959061 0.000000000000 0.013934135437 0.347109317780
1 0 -7 -1 -0.049804687500 -0.022797584534 0.000000000000 0.011148214340 0.127589225769
2 -1 -10 -2 0.163085937500 -0.087474822998 0.000000000000 0.009170532227 -0.072490930557
1 -1 -7 1 -0.377441406250 0.099353313446 0.000000000000 -0.003164291382 -0.026059865952
0 1 -6 -12 -0.294921875000 0.019606351852 0.000000000000 -0.010868310928 0.051584005356
3 -1 -3 -27 0.332031250000 0.593761920929 0.000000000000 0.011855363846 -0.283553838730
-1 1 10 -6 0.133300781250 -0.104326725006 0.000000000000 0.015865802765 0.025962591171
1 1 9 0 -0.160156250000 0.554441213608 0.000000000000 -0.010158777237 -0.525557518005
1 0 2 -14 0.348144531250 -0.256125926971 0.000000000000 0.025001764297 0.299342632294
-1 3 16 -10 0.172851562500 -0.050633668900 0.000000000000 -0.018130540848 0.011098861694
0 2 3 12 0.474609375000 0.118099689484 0.000000000000 0.012081146240 0.021995067596
0 -2 1 4 0.089355468750 0.224755525589 0.000000000000 -0.004635810852 -0.056935071945
3 1 -3 -12 0.067382812500 -0.371441364288 0.000000000000 0.009229183197 0.388507366180
0 4 9 -15 -0.150878906250 0.203543663025 0.000000000000 -0.010101795197 -0.160093784332
1 0 20 2 -0.155273437500 0.286458730698 0.000000000000 0.009602308273 -0.123830080032
0 0 -12 10 -0.156250000000 0.394895553589 0.000000000000 -0.003145217896 -0.407303571701
0 1 2 -3 0.038085937500 -0.069529533386 0.000000000000 -0.001788139343 0.028872251511
1 2 -8 -12 0.011718750000 -0.170658349991 0.000000000000 -0.013582944870 0.172306060791
1 -3 10 -6 0.132812500000 -0.061316013336 0.000000000000 -0.008103609085 -0.104368925095
0 4 -7 -5 -0.479003906250 -0.101917028427 0.000000000000 0.004626989365 0.042083501816
1 1 -32 -15 -0.284667968750 -0.252160549164 0.000000000000 -0.003126382828 0.145931243896
2 -2 9 28 -0.195312500000 -0.225969314575 0.000000000000 -0.028518438339 0.057729959488
-4 -3 -22 -8 -0.450683593750 -0.259018898010 0.000000000000 0.019773244858 0.243592977524
1 -2 -7 -10 -0.117187500000 -0.076114654541 0.000000000000 0.018410921097 0.045398235321
-1 2 -5 -6 -0.465820312500 0.585299491882 0.000000000000 0.012235879898 -0.407869338989
-2 1 5 4 -0.282226562500 -0.142324209213 0.000000000000 -0.000214815140 0.116969823837
0 0 16 9 0.214843750000 -0.008706808090 0.000000000000 0.015506029129 0.146783590317
1 -1 4 -12 -0.328613281250 -0.167596817017 0.000000000000 -0.011534452438 0.069357872009
1 0 9 5 0.070312500000 0.097440481186 0.000000000000 -0.008225917816 -0.210265159607
0 0 22 -3 0.128906250000 -0.335277795792 0.000000000000 -0.014138936996 0.150679111481
-1 2 8 -12 0.312988281250 -0.131904840469 0.000000000000 -0.010777235031 0.069361925125
1 3 -21 -5 -0.115234375000 0.273910284042 0.000000000000 0.003372669220 -0.252912759781
-2 1 14 7 0.383300781250 0.405267000198 0.000000000000 -0.005456686020 -0.234045743942
0 2 7 0 0.479980468750 -0.098454475403 0.000000000000 0.009012460709 0.163045167923
0 1 -7 -12 -0.403808593750 0.145748138428 0.000000000000 0.018226623535 -0.028278112411
-2 2 18 0 -0.409667968750 0.082106828690 0.000000000000 -0.006967067719 -0.025097608566
1 2 -6 6 -0.419921875000 -0.108829259872 0.000000000000 0.005556583405 0.031141281128
-2 1 -10 25 0.250976562500 0.545507907867 0.000000000000 0.001680135727 -0.381707906723
-1 -1 -18 -20 0.483886718750 0.242725610733 0.000000000000 -0.016128778458 -0.151848316193
-2 -1 9 -8 -0.255859375000 -0.307229995728 0.000000000000 -0.000204086304 0.211735486984
1 2 14 1 -0.027832031250 0.607393264771 0.000000000000 -0.014932155609 -0.408571243286
0 2 -9 -1 -0.184082031250 0.282006502151 0.000000000000 -0.004426002502 -0.223688602448
-1 -6 -4 7 0.400878906250 0.055623769760 0.000000000000 -0.022518157959 -0.096750020981
0 0 15 -13 0.414062500000 0.182574748993 0.000000000000 0.029058456421 -0.126436471939
1 2 5 -19 0.166992187500 0.320602893829 0.000000000000 -0.017319202423 -0.027065753937
1 1 5 -3 0.404296875000 -0.453352689743 0.000000000000 0.011212587357 0.237901926041
1 0 -12 -10 0.242675781250 0.026721000671 0.000000000000 0.015105962753 0.026347875595
0 0 0 -11 0.105957031250 0.206743001938 0.000000000000 0.020130634308 -0.041854858398
-4 1 -6 6 0.328613281250 -0.408400297165 0.000000000000 -0.006859779358 0.188296318054
-1 -2 -10 4 -0.218261718750 -0.277823209763 0.000000000000 0.011665582657 0.158705711365
1 2 10 10 0.472656250000 -0.383197546005 0.000000000000 -0.024051666260 0.252927064896
1 4 0 -3 0.310546875000 0.291381120682 0.000000000000 -0.003288507462 -0.229912519455
1 -2 -12 15 -0.119628906250 0.066989183426 0.000000000000 0.014815568924 0.001019001007
1 0 3 10 -0.025390625000 -0.085143804550 0.000000000000 -0.010739564896 0.036609411240
-3 1 13 3 0.373535156250 -0.295907974243 0.000000000000 0.015319108963 0.179800748825
0 0 5 -11 -0.414550781250 -0.026435375214 0.000000000000 -0.008797883987 0.078321933746
-1 1 4 -2 -0.300292968750 -0.128686904907 0.000000000000 -0.000232696533 0.199483871460
0 2 -21 -10 0.326171875000 0.487130403519 0.000000000000 0.015230894089 -0.476906538010
1 0 13 -4 -0.103515625000 -0.436532020569 0.000000000000 -0.017584323883 0.410141468048
0 0 -11 17 -0.102539062500 -0.504129648209 0.000000000000 -0.008215188980 0.266927719116
1 1 -4 15 -0.201660156250 -0.623383760452 0.000000000000 -0.017667293549 0.330849647522
4 -1 10 4 -0.161621093750 0.511442661285 0.000000000000 -0.013358354568 -0.246402263641
-1 -1 11 -10 0.300781250000 0.033607006073 0.000000000000 -0.007936000824 -0.004207372665
-3 -3 0 -14 -0.471679687500 0.364390134811 0.000000000000 -0.003458738327 -0.168589830399
0 -2 14 -6 -0.429687500000 -0.187114477158 0.000000000000 -0.002668380737 0.163224935532
-3 1 8 3 -0.062500000000 -0.558419227600 0.000000000000 -0.020196914673 0.188630580902
0 2 -11 0 0.118652343750 -0.193531274796 0.000000000000 -0.004039764404 0.114049434662
0 0 -6 -8 -0.312500000000 -0.004284143448 0.000000000000 0.000317811966 0.087116479874
-2 0 10 0 -0.415527343750 0.597538709641 0.000000000000 0.005313634872 -0.536653041840
-1 2 2 -4 0.141601562500 -0.263698577881 0.000000000000 0.001419305801 0.396331310272
1 -1 5 -14 -0.148437500000 0.060309648514 0.000000000000 0.026124477386 0.017232656479
-3 1 -4 -6 0.013671875000 0.087574958801 0.000000000000 -0.009088754654 0.160977363586
-1 0 21 16 0.490234375000 -0.203085660934 0.000000000000 0.003478527069 0.116184234619
1 2 -16 17 -0.123535156250 0.150589466095 0.000000000000 0.014418363571 -0.099953889847
-4 2 0 -21 -0.306640625000 0.146275281906 0.000000000000 -0.012650012970 -0.269208669662
2 2 -3 -12 -0.374023437500 0.029868602753 0.000000000000 -0.015515804291 0.026200771332
0 1 5 13 -0.241699218750 0.260435581207 0.000000000000 0.027692079544 -0.264358997345
-1 -1 15 1 -0.269531250000 -0.419293165207 0.000000000000 -0.021180152893 0.410002231598
-1 4 4 -8 -0.240722656250 -0.239698410034 0.000000000000 -0.019087553024 0.110320329666
0 1 10 8 -0.232421875000 -0.038539171219 0.000000000000 -0.000100851059 0.231345653534
1 -1 22 -10 0.325195312500 -0.537788629532 0.000000000000 0.005867242813 0.452665805817
-1 -2 -19 0 0.357910156250 -0.084445953369 0.000000000000 -0.019919395447 -0.048406600952
1 1 11 8 0.010742187500 0.009452104568 0.000000000000 0.018762350082 -0.012145042419
1 0 7 7 0.461425781250 0.334228515625 0.000000000000 -0.002850055695 -0.254456758499
-5 0 -4 2 0.143066406250 0.063577175140 0.000000000000 -0.012411832809 0.081159114838
2 2 14 10 0.205078125000 -0.451209306717 0.000000000000 -0.016936302185 0.389570713043
0 0 4 -22 -0.143066406250 -0.224772453308 0.000000000000 -0.007283449173 0.112797498703
1 0 13 0 0.413574218750 -0.864917039871 0.000000000000 0.011112689972 0.522364616394
0 -2 -2 9 0.052246093750 0.504778623581 0.000000000000 -0.007450342178 -0.115221500397
1 0 -2 9 0.213378906250 0.478491783142 0.000000000000 0.003154754639 -0.471809387207
0 0 18 3 -0.031738281250 0.132643938065 0.000000000000 -0.013769149780 -0.202853441238
2 0 -9 -7 0.256835937500 0.722678422928 0.000000000000 0.006721258163 -0.587771415710
0 3 -18 14 -0.393066406250 -0.686503648758 0.000000000000 -0.002263307571 0.512475728989
-1 -1 -13 -3 -0.067382812500 -0.058377742767 0.000000000000 -0.000264644623 -0.005530118942
2 -1 14 14 -0.449707031250 0.293483972549 0.000000000000 0.000290632248 -0.110487937927
6 -1 -1 12 -0.263671875000 -0.206109046936 0.000000000000 -0.012653112411 0.102525949478
1 0 5 4 0.026855468750 -0.168809890747 0.000000000000 -0.003008604050 0.230009317398
1 1 -12 -4 0.023437500000 -0.620714426041 0.000000000000 -0.000043153763 0.353808403015
1 1 8 -11 -0.092285156250 -0.188654899597 0.000000000000 -0.021798372269 -0.015539646149
-2 -1 0 -2 -0.315429687500 -0.394737720490 0.000000000000 0.000154733658 0.197972774506
-3 -3 -1 25 0.180664062500 1.158710718155 0.000000000000 -0.012577056885 -0.819639205933
1 2 5 2 0.267578125000 -0.122975349426 0.000000000000 0.011319637299 0.084320783615
-1 0 23 1 -0.284179687500 -0.291718721390 0.000000000000 -0.006420135498 0.250124454498
-2 -1 -9 15 -0.050781250000 -0.142451047897 0.000000000000 0.015971899033 -0.051022529602
-1 0 -3 6 0.498535156250 -0.351550817490 0.000000000000 -0.007122039795 0.080957174301
-1 -1 9 -10 0.327636718750 -0.157891273499 0.000000000000 0.008729219437 0.055371999741
0 1 -15 7 -0.089843750000 0.021325588226 0.000000000000 -0.019396543503 -0.032871484756
-3 -4 -13 -1 -0.187011718750 -0.546976327896 0.000000000000 0.001216173172 0.339334964752
0 -1 -5 0 0.157714843750 0.175652980804 0.000000000000 0.000659942627 -0.070228815079
0 0 -23 -5 0.062011718750 0.122706651688 0.000000000000 0.001758337021 0.104207754135
-2 0 1 12 -0.228027343750 -0.406723260880 0.000000000000 0.004605293274 0.403487920761
-1 1 -13 18 -0.385253906250 0.038042545319 0.000000000000 0.014796018600 -0.059226512909
3 1 3 2 -0.190917968750 0.226406335831 0.000000000000 -0.011581420898 -0.094255924225
-1 2 -12 -17 -0.291992187500 0.182666778564 0.000000000000 -0.014501094818 -0.143589258194
-2 2 12 -3 -0.090820312500 0.320840358734 0.000000000000 0.019062519073 -0.178548574448
-1 -1 1 -13 -0.305664062500 0.428554058075 0.000000000000 -0.011807203293 -0.353248119354
0 1 10 -10 0.430175781250 0.337258338928 0.000000000000 0.012760400772 -0.072840213776
0 2 1 -17 -0.053710937500 -0.024786710739 0.000000000000 -0.005270481110 0.094035148621
0 0 -1 -7 -0.057128906250 -0.272010564804 0.000000000000 -0.004234790802 0.333648443222
2 2 -8 0 -0.103515625000 0.004569768906 0.000000000000 -0.017256021500 0.106279134750
2 1 20 -16 -0.412109375000 0.181622028351 0.000000000000 0.023068904877 -0.243055582047
-1 0 13 -8 0.300781250000 -0.018717765808 0.000000000000 -0.006472110748 0.142897367477
-1 1 -9 -28 0.252441406250 -0.001733541489 0.000000000000 -0.021237373352 -0.149430513382
0 0 -1 -5 0.449707031250 -0.383837223053 0.000000000000 -0.005605936050 0.297519683838
-1 0 -1 12 0.357910156250 -0.174086093903 0.000000000000 0.024038553238 0.070535182953
-1 0 -13 13 -0.322753906250 -0.222373485565 0.000000000000 -0.006554603577 0.284139633179
1 -2 10 -3 -0.014648437500 -0.348539113998 0.000000000000 0.025473833084 0.179957866669
-1 2 -6 -1 -0.205078125000 -0.097911119461 0.000000000000 -0.026704311371 0.214554786682
-1 2 2 -2 0.369628906250 -0.044236660004 0.000000000000 -0.005781888962 -0.173408508301
3 2 -10 -3 -0.082519531250 0.184839248657 0.000000000000 0.004283905029 -0.060869216919
0 3 -17 4 -0.392578125000 0.028419733047 0.000000000000 0.002189636230 -0.172255516052
3 -1 14 1 0.321777343750 -0.096710205078 0.000000000000 -0.019185781479 -0.012232303619
-2 -3 12 13 -0.276367187500 -0.030254364014 0.000000000000 -0.000739336014 0.026392459869
4 2 15 -3 -0.089843750000 -0.112171888351 0.000000000000 0.005838871002 0.204624176025
2 -2 14 -21 0.275878906250 0.126109838486 0.000000000000 -0.022096157074 -0.225351333618
1 2 4 26 -0.045410156250 -0.034512281418 0.000000000000 -0.001210451126 0.104784965515
-2 -2 15 28 -0.139160156250 0.286076784134 0.000000000000 -0.009356975555 -0.265184164047
-1 -1 5 0 -0.439941406250 0.009794473648 0.000000000000 -0.009568214417 -0.216899156570
-1 0 28 2 -0.041015625000 -0.125725746155 0.000000000000 0.028752326965 0.083783626556
1 -2 0 -6 -0.360839843750 -0.062100172043 0.000000000000 -0.002105951309 0.007574319839
-2 0 -15 -20 0.082519531250 -0.539385318756 0.000000000000 0.017003536224 0.519889116287
2 -1 2 7 0.226562500000 -0.077244997025 0.000000000000 -0.008542537689 -0.015033006668
-4 2 23 5 -0.065917968750 0.092021226883 0.000000000000 -0.011539459229 0.116559743881
-2 -2 -16 10 -0.302246093750 -0.132087707520 0.000000000000 -0.020988702774 0.018141508102
1 0 -13 8 0.408203125000 0.709100484848 0.000000000000 0.021245002747 -0.420137882233
-2 -2 -4 -23 0.418945312500 0.502869606018 0.000000000000 0.002770423889 -0.496922254562
-2 0 -6 -4 0.323242187500 -0.079750776291 0.000000000000 0.000472784042 0.114105224609
1 0 -4 -1 0.382324218750 0.099141359329 0.000000000000 -0.000127077103 -0.040490865707
4 -1 -3 9 0.048828125000 0.334474563599 0.000000000000 0.005580663681 -0.163605690002
0 1 -13 20 0.276367187500 0.178684473038 0.000000000000 0.018634080887 -0.253352642059
1 -2 15 2 -0.005371093750 -0.455299615860 0.000000000000 -0.021715164185 0.436734676361
2 1 -29 -12 -0.237792968750 -0.109028816223 0.000000000000 -0.004089593887 0.015909194946
-3 3 -9 11 0.166503906250 0.105550765991 0.000000000000 -0.008988380432 -0.117160797119
2 1 8 -27 -0.167968750000 0.328345537186 0.000000000000 -0.001180887222 -0.172749519348
-3 -2 -22 10 -0.045410156250 -0.092010021210 0.000000000000 0.007557630539 0.033485651016
0 -1 -21 5 0.313964843750 -0.019104003906 0.000000000000 -0.009083747864 0.053800582886
3 0 6 9 -0.263671875000 0.440388917923 0.000000000000 0.014651536942 -0.117750167847
-1 2 -11 -14 0.033691406250 -0.232806682587 0.000000000000 -0.007578611374 0.195717573166
-3 -1 13 3 -0.323730468750 0.328125953674 0.000000000000 0.009317874908 -0.227994203568
-1 -1 -23 14 -0.485839843750 -0.152273654938 0.000000000000 0.016643047333 0.164143800735
-3 0 6 6 0.408691406250 0.344451904297 0.000000000000 -0.003928661346 -0.258222341537
1 2 -9 1 -0.343750000000 -0.355262994766 0.000000000000 0.021158456802 0.185136795044
0 0 -4 8 0.249023437500 0.525854349136 0.000000000000 0.008563995361 -0.351029634476
0 -2 5 6 0.284667968750 -0.414858818054 0.000000000000 0.002428054810 0.194465160370
-1 -2 -7 16 0.176757812500 0.035320281982 0.000000000000 -0.007687807083 0.013912677765
-1 -1 6 3 0.070800781250 0.482312202454 0.000000000000 0.008249044418 -0.152964591980
0 2 -4 -7 0.180175781250 -0.218331813812 0.000000000000 0.011227369308 0.131892204285
-1 -2 15 -5 -0.278808593750 0.086701393127 0.000000000000 0.007325172424 0.058885335922
1 1 -4 17 -0.394531250000 -0.132249116898 0.000000000000 0.017818689346 0.248790264130
-2 1 0 2 0.006835937500 -0.247741460800 0.000000000000 -0.010188579559 -0.010169029236
1 -3 11 11 0.005859375000 -0.224751472473 0.000000000000 -0.013725996017 -0.039903402328
2 3 5 -6 0.064941406250 -0.192476749420 0.000000000000 0.006751060486 0.184631824493
-2 -3 11 -13 0.072753906250 -0.346131563187 0.000000000000 -0.024030447006 0.430592775345
-1 4 8 -5 -0.108886718750 -0.044230222702 0.000000000000 -0.012980699539 0.055494308472
0 -2 18 0 0.022949218750 0.095228672028 0.000000000000 0.017670392990 -0.138962030411
3 4 9 17 -0.393554687500 0.159602642059 0.000000000000 -0.008619308472 -0.156574964523
-3 0 16 -5 -0.247558593750 -0.358779191971 0.000000000000 -0.007711648941 0.235923051834
0 1 3 -14 0.062500000000 0.328168392181 0.000000000000 0.013639211655 -0.137577295303
-1 0 12 -10 0.401367187500 -0.087219953537 0.000000000000 -0.003332614899 -0.003349304199
2 1 -12 -15 -0.217285156250 -0.442201137543 0.000000000000 -0.000530958176 0.305959939957
-2 0 6 0 0.136718750000 -0.015372276306 0.000000000000 -0.004005908966 -0.063704967499
3 0 8 -6 0.276855468750 0.197467565536 0.000000000000 -0.007515907288 -0.100886344910
2 -1 11 -4 0.256347656250 -0.279587507248 0.000000000000 0.012554407120 0.172333955765
1 3 -13 -16 -0.029785156250 0.209096670151 0.000000000000 -0.011613845825 -0.151044845581
-2 1 -8 -7 -0.151367187500 0.003494262695 0.000000000000 0.015180349350 -0.122575283051
-1 3 -12 0 0.061523437500 0.207768201828 0.000000000000 0.009517669678 -0.146528959274
0 -2 2 -1 0.498046875000 0.363649845123 0.000000000000 0.009634494781 -0.329263925552
0 -1 -4 4 0.447753906250 0.871739149094 0.000000000000 -0.024388551712 -0.550171375275
-2 1 6 -22 -0.483398437500 -0.078337669373 0.000000000000 0.002147674561 0.095513820648
1 3 -1 -6 0.393066406250 0.277540922165 0.000000000000 -0.006169080734 -0.160744667053
2 -1 -1 0 -0.240234375000 -0.151832103729 0.000000000000 0.013060808182 0.134052753448
-1 0 -19 -5 -0.456542968750 0.380665779114 0.000000000000 -0.004193782806 -0.468992948532
-2 0 5 0 0.460937500000 0.075734138489 0.000000000000 -0.005584478378 0.112931251526
0 -2 -15 0 0.479980468750 0.162416934967 0.000000000000 -0.011077880859 -0.015623331070
2 2 -6 4 -0.467285156250 0.459881782532 0.000000000000 0.000510215759 -0.440185785294
-1 2 -16 -1 -0.308105468750 0.151302099228 0.000000000000 -0.010055541992 -0.025393486023
1 1 2 -21 -0.230957031250 -0.478079557419 0.000000000000 0.001236438751 0.168186426163
0 0 -3 -4 0.360839843750 0.219248533249 0.000000000000 0.021080017090 -0.199470996857
0 1 2 16 -0.061523437500 0.126775503159 0.000000000000 0.000353574753 0.045589208603
-1 0 16 7 0.124511718750 0.471058130264 0.000000000000 -0.024449348450 -0.389766454697
-2 -2 6 18 0.113281250000 0.000000000000 0.000000000000 -0.001965045929 0.000000000000
0 -3 -11 30 -0.411621093750 -0.471058130264 0.000000000000 -0.015077829361 0.389766454697
1 1 2 5 0.199218750000 -0.126775503159 0.000000000000 -0.015503168106 -0.045589208603
0 0 -4 3 0.395019531250 -0.219248533249 0.000000000000 0.007577896118 0.199470996857
2 1 -16 -15 0.480957031250 0.478079557419 0.000000000000 0.010597944260 -0.168186426163
-2 2 -23 -3 -0.187500000000 -0.151302099228 0.000000000000 0.006718635559 0.025393486023
3 3 7 11 -0.479980468750 -0.459881782532 0.000000000000 -0.005472660065 0.440185785294
1 0 -13 -2 0.204589843750 -0.162416934967 0.000000000000 -0.008415699005 0.015623331070
-1 0 -3 25 0.434082031250 -0.075734138489 0.000000000000 0.006473302841 -0.112931251526
2 1 18 -2 -0.300781250000 -0.380665779114 0.000000000000 0.008080482483 0.468992948532
2 -2 6 -3 0.241699218750 0.151832103729 0.000000000000 -0.018287658691 -0.134052753448
0 -2 8 -16 0.442871093750 -0.277540922165 0.000000000000 0.003033638000 0.160744667053
2 -2 -2 13 -0.032226562500 0.078337669373 0.000000000000 -0.002668142319 -0.095513820648
-2 -2 -1 -7 0.240234375000 -0.871739149094 0.000000000000 -0.012110471725 0.550171375275
3 1 8 -6 0.410156250000 -0.363649845123 0.000000000000 0.004181861877 0.329263925552
1 1 -3 -11 -0.239257812500 -0.207768201828 0.000000000000 0.020590066910 0.146528959274
0 -1 17 4 0.108886718750 -0.003494262695 0.000000000000 -0.014424324036 0.122575283051
0 0 -8 -4 0.084960937500 -0.209096670151 0.000000000000 -0.012115478516 0.151044845581
0 1 -9 -14 0.059570312500 0.279587507248 0.000000000000 -0.011001348495 -0.172333955765
3 0 -20 -29 -0.110839843750 -0.197467565536 0.000000000000 -0.000194549561 0.100886344910
-2 0 4 22 -0.175292968750 0.015372276306 0.000000000000 0.013492584229 0.063704967499
0 0 7 1 0.021972656250 0.442201137543 0.000000000000 0.014562368393 -0.305959939957
2 -3 -3 7 0.248046875000 0.087219953537 0.000000000000 0.018007278442 0.003349304199
-4 1 -17 1 -0.157226562500 -0.328168392181 0.000000000000 0.002720832825 0.137577295303
1 -2 -3 10 -0.363769531250 0.358779191971 0.000000000000 0.005202293396 -0.235923051834
-3 -3 3 -7 0.201171875000 -0.159602642059 0.000000000000 0.027130365372 0.156574964523
0 3 1 12 0.302734375000 -0.095228672028 0.000000000000 -0.010961055756 0.138962030411
-2 1 3 9 -0.149902343750 0.044230222702 0.000000000000 0.015651226044 -0.055494308472
1 -1 13 9 0.291992187500 0.346131563187 0.000000000000 -0.010511636734 -0.430592775345
-2 -2 2 -14 0.106933593750 0.192476749420 0.000000000000 -0.002774953842 -0.184631824493
0 -1 -21 -3 0.087890625000 0.224751472473 0.000000000000 0.025149822235 0.039903402328
-1 0 27 -6 -0.089355468750 0.247741460800 0.000000000000 0.003594875336 0.010169029236
2 3 -15 7 0.191894531250 0.132249116898 0.000000000000 0.009711265564 -0.248790264130
1 1 -2 6 0.115722656250 -0.086701393127 0.000000000000 0.011889696121 -0.058885335922
1 -1 -6 12 -0.114746093750 0.218331813812 0.000000000000 0.014153718948 -0.131892204285
3 1 3 -15 -0.235839843750 -0.482312202454 0.000000000000 -0.016928672791 0.152964591980
1 -2 -11 0 -0.286132812500 -0.035320281982 0.000000000000 -0.005539178848 -0.013912677765
-1 1 -3 4 0.265625000000 0.414858818054 0.000000000000 -0.012449502945 -0.194465160370
1 -3 8 -6 0.046875000000 -0.525854349136 0.000000000000 -0.026239395142 0.351029634476
-2 1 -17 15 -0.151855468750 0.355262994766 0.000000000000 -0.014358282089 -0.185136795044
-1 0 -7 16 -0.432128906250 -0.344451904297 0.000000000000 0.013449430466 0.258222341537
-2 -3 7 15 -0.490722656250 0.152273654938 0.000000000000 0.005315303802 -0.164143800735
-1 0 -9 5 -0.278320312500 -0.328125953674 0.000000000000 0.008982658386 0.227994203568
0 1 17 -3 -0.250488281250 0.232806682587 0.000000000000 -0.019285917282 -0.195717573166
-3 1 16 6 -0.379882812500 -0.440388917923 0.000000000000 0.007399559021 0.117750167847
-2 1 8 4 -0.318847656250 0.019104003906 0.000000000000 -0.003661394119 -0.053800582886
-1 0 22 -3 -0.222656250000 0.092010021210 0.000000000000 -0.022200107574 -0.033485651016
2 0 -3 -8 -0.127929687500 -0.328345537186 0.000000000000 -0.008358716965 0.172749519348
1 -1 -5 13 0.194824218750 -0.105550765991 0.000000000000 -0.007790803909 0.117160797119
2 0 -5 -3 -0.154785156250 0.109028816223 0.000000000000 -0.020420789719 -0.015909194946
1 1 2 -11 0.317382812500 0.455299615860 0.000000000000 0.012258768082 -0.436734676361
0 0 -7 10 0.108886718750 -0.178684473038 0.000000000000 0.014790773392 0.253352642059
0 -3 -6 14 -0.240722656250 -0.334474563599 0.000000000000 -0.003858804703 0.163605690002
-2 -2 8 -6 0.480957031250 -0.099141359329 0.000000000000 0.006598711014 0.040490865707
-1 1 -9 -14 0.084960937500 0.079750776291 0.000000000000 0.009337186813 -0.114105224609
-2 2 -8 -17 -0.277832031250 -0.502869606018 0.000000000000 -0.008035182953 0.496922254562
1 0 12 0 -0.129394531250 -0.709100484848 0.000000000000 -0.013694286346 0.420137882233
-1 -3 -17 -9 0.063476562500 0.132087707520 0.000000000000 -0.002269506454 -0.018141508102
1 0 20 2 0.296875000000 -0.092021226883 0.000000000000 -0.008451700211 -0.116559743881
1 -3 12 -6 0.083984375000 0.077244997025 0.000000000000 0.018219470978 0.015033006668
1 0 -6 17 0.236816406250 0.539385318756 0.000000000000 0.007687807083 -0.519889116287
1 -1 6 1 0.226562500000 0.062100172043 0.000000000000 -0.022325038910 -0.007574319839
3 0 -1 -13 0.408691406250 0.125725746155 0.000000000000 0.002863883972 -0.083783626556
2 2 -7 9 0.109863281250 -0.009794473648 0.000000000000 -0.019008874893 0.216899156570
-3 -1 2 23 0.320312500000 -0.286076784134 0.000000000000 0.001291990280 0.265184164047
-3 -4 18 6 0.205566406250 0.034512281418 0.000000000000 0.012239456177 -0.104784965515
-1 0 -8 -2 -0.359375000000 -0.126109838486 0.000000000000 -0.008000850677 0.225351333618
-1 0 12 12 -0.252929687500 0.112171888351 0.000000000000 0.003072500229 -0.204624176025
-2 0 5 -2 -0.346191406250 0.030254364014 0.000000000000 -0.006697416306 -0.026392459869
2 2 -20 -9 -0.083984375000 0.096710205078 0.000000000000 0.003647565842 0.012232303619
-1 2 3 -10 -0.284667968750 -0.028419733047 0.000000000000 -0.018790006638 0.172255516052
-2 1 12 -2 -0.004394531250 -0.184839248657 0.000000000000 0.023159742355 0.060869216919
0 -3 -15 5 0.384765625000 0.044236660004 0.000000000000 -0.015650033951 0.173408508301
-1 -1 -3 -16 0.329589843750 0.097911119461 0.000000000000 0.001993417740 -0.214554786682
-1 1 -11 -2 0.152832031250 0.348539113998 0.000000000000 -0.004005432129 -0.179957866669
1 1 -1 0 0.249511718750 0.222373485565 0.000000000000 0.013374805450 -0.284139633179
-1 -3 -16 -1 0.040527343750 0.174086093903 0.000000000000 -0.023302793503 -0.070535182953
2 0 -1 -2 -0.105957031250 0.383837223053 0.000000000000 0.008559226990 -0.297519683838
0 -1 -9 0 0.146972656250 0.001733541489 0.000000000000 0.006939649582 0.149430513382
1 3 7 -10 -0.388671875000 0.018717765808 0.000000000000 0.005099058151 -0.142897367477
-1 2 6 10 0.015136718750 -0.181622028351 0.000000000000 -0.011207103729 0.243055582047
2 0 14 4 -0.144531250000 -0.004569768906 0.000000000000 0.010650873184 -0.106279134750
2 -3 9 16 0.250976562500 0.272010564804 0.000000000000 -0.000882863998 -0.333648443222
0 -2 -11 -2 -0.253417968750 0.024786710739 0.000000000000 -0.003275156021 -0.094035148621
2 0 0 3 0.078125000000 -0.337258338928 0.000000000000 -0.012653589249 0.072840213776
-1 3 7 -7 -0.253906250000 -0.428554058075 0.000000000000 0.001354694366 0.353248119354
-2 -1 3 15 -0.233398437500 -0.320840358734 0.000000000000 -0.008414506912 0.178548574448
-1 0 12 7 -0.235351562500 -0.182666778564 0.000000000000 0.024306774139 0.143589258194
1 1 -1 -7 0.033203125000 -0.226406335831 0.000000000000 -0.021407127380 0.094255924225
-3 -1 -4 -14 0.347656250000 -0.038042545319 0.000000000000 0.015631914139 0.059226512909
-1 -2 5 2 -0.216308593750 0.406723260880 0.000000000000 -0.016734838486 -0.403487920761
0 -1 -2 -6 0.008789062500 -0.122706651688 0.000000000000 0.013740062714 -0.104207754135
1 -4 -5 -1 0.150878906250 -0.175652980804 0.000000000000 -0.008059740067 0.070228815079
1 0 8 -16 -0.453613281250 0.546976327896 0.000000000000 -0.015820026398 -0.339334964752
-2 1 2 -10 -0.203125000000 -0.021325588226 0.000000000000 0.005627155304 0.032871484756
-5 0 3 -6 0.053710937500 0.157891273499 0.000000000000 0.008578062057 -0.055371999741
1 1 -6 -4 0.449707031250 0.351550817490 0.000000000000 -0.014106512070 -0.080957174301
0 -2 9 -13 -0.268554687500 0.142451047897 0.000000000000 -0.002920150757 0.051022529602
-2 -1 0 -3 -0.103027343750 0.291718721390 0.000000000000 0.009326457977 -0.250124454498
0 0 1 3 -0.189941406250 0.122975349426 0.000000000000 0.008665084839 -0.084320783615
-2 2 -15 -1 -0.255859375000 -1.158710718155 0.000000000000 -0.015409708023 0.819639205933
1 -1 30 4 -0.150390625000 0.394737720490 0.000000000000 0.014357805252 -0.197972774506
0 0 12 8 0.350585937500 0.188654899597 0.000000000000 -0.002314090729 0.015539646149
-2 2 -15 -8 -0.386718750000 0.620714426041 0.000000000000 -0.013674497604 -0.353808403015
2 0 3 9 -0.129394531250 0.168809890747 0.000000000000 0.002535820007 -0.230009317398
-1 -3 11 -5 -0.441406250000 0.206109046936 0.000000000000 -0.018127202988 -0.102525949478
-2 2 10 5 -0.116699218750 -0.293483972549 0.000000000000 -0.004419326782 0.110487937927
1 2 21 10 -0.324707031250 0.058377742767 0.000000000000 -0.015902519226 0.005530118942
0 2 4 4 -0.171875000000 0.686503648758 0.000000000000 0.005934476852 -0.512475728989
1 -1 7 12 0.199218750000 -0.722678422928 0.000000000000 0.009294033051 0.587771415710
-1 1 -4 7 -0.012207031250 -0.132643938065 0.000000000000 0.002172231674 0.202853441238
-2 -2 -3 12 0.009277343750 -0.478491783142 0.000000000000 -0.015906333923 0.471809387207
2 0 4 1 0.244628906250 -0.504778623581 0.000000000000 -0.006315946579 0.115221500397
1 1 -15 8 0.291015625000 0.864917039871 0.000000000000 -0.020899057388 -0.522364616394
1 -1 -7 -13 0.372558593750 0.224772453308 0.000000000000 0.002748727798 -0.112797498703
1 -1 7 6 -0.323242187500 0.451209306717 0.000000000000 -0.002658367157 -0.389570713043
0 1 3 10 -0.254882812500 -0.063577175140 0.000000000000 -0.001023292542 -0.081159114838
2 0 -8 -18 0.017578125000 -0.334228515625 0.000000000000 -0.003486394882 0.254456758499
3 2 5 -7 0.466308593750 -0.009452104568 0.000000000000 0.001868247986 0.012145042419
-1 0 0 0 0.128906250000 0.084445953369 0.000000000000 -0.011141777039 0.048406600952
3 0 -15 -5 0.436523437500 0.537788629532 0.000000000000 0.008455038071 -0.452665805817
-1 0 -8 -6 0.327148437500 0.038539171219 0.000000000000 -0.006167411804 -0.231345653534
1 -1 -3 -4 -0.227539062500 0.239698410034 0.000000000000 0.014380455017 -0.110320329666
-1 1 7 20 -0.320800781250 0.419293165207 0.000000000000 -0.006682395935 -0.410002231598
0 2 1 -6 0.315917968750 -0.260435581207 0.000000000000 0.003890752792 0.264358997345
1 -2 -3 -2 0.126464843750 -0.029868602753 0.000000000000 -0.019014596939 -0.026200771332
0 2 22 15 0.200683593750 -0.146275281906 0.000000000000 0.016955137253 0.269208669662
-1 0 21 -1 -0.166503906250 -0.150589466095 0.000000000000 0.011187553406 0.099953889847
0 3 -22 2 -0.293457031250 0.203085660934 0.000000000000 -0.001387119293 -0.116184234619
2 1 22 3 -0.274414062500 -0.087574958801 0.000000000000 -0.018972635269 -0.160977363586
-1 1 -9 0 0.360351562500 -0.060309648514 0.000000000000 -0.008262157440 -0.017232656479
0 1 -10 -7 0.238769531250 0.263698577881 0.000000000000 0.000615358353 -0.396331310272
-2 1 4 -2 -0.428222656250 -0.597538709641 0.000000000000 -0.011484146118 0.536653041840
0 1 -5 -3 0.077636718750 0.004284143448 0.000000000000 -0.010109186172 -0.087116479874
3 -3 -11 -4 -0.470214843750 0.193531274796 0.000000000000 0.009894847870 -0.114049434662
0 2 -12 -7 0.097167968750 0.558419227600 0.000000000000 0.006046056747 -0.188630580902
-2 2 -3 -8 -0.014160156250 0.187114477158 0.000000000000 0.014017581940 -0.163224935532
1 1 16 1 -0.034667968750 -0.364390134811 0.000000000000 0.003273963928 0.168589830399
1 0 5 0 -0.400390625000 -0.033607006073 0.000000000000 -0.009013175964 0.004207372665
0 -1 -5 -12 -0.427246093750 -0.511442661285 0.000000000000 0.009474277496 0.246402263641
0 0 -4 9 0.124023437500 0.623383760452 0.000000000000 -0.008146524429 -0.330849647522
5 1 6 -1 -0.493164062500 0.504129648209 0.000000000000 -0.016409397125 -0.266927719116
0 0 7 3 -0.173339843750 0.436532020569 0.000000000000 0.009053945541 -0.410141468048
0 -1 14 -16 -0.071777343750 -0.487130403519 0.000000000000 0.032718420029 0.476906538010
0 -1 20 -1 -0.322265625000 0.128686904907 0.000000000000 -0.027158260345 -0.199483871460
-2 0 -18 2 -0.284179687500 0.026435375214 0.000000000000 0.006568431854 -0.078321933746
0 2 -11 4 0.296875000000 0.295907974243 0.000000000000 -0.003237962723 -0.179800748825
0 0 11 9 -0.345703125000 0.085143804550 0.000000000000 0.002611398697 -0.036609411240
2 1 6 7 -0.296875000000 -0.066989183426 0.000000000000 0.017498493195 -0.001019001007
-2 -1 3 -16 0.144531250000 -0.291381120682 0.000000000000 -0.000150203705 0.229912519455
-3 -2 3 -6 0.158203125000 0.383197546005 0.000000000000 -0.024796724319 -0.252927064896
0 0 -9 -8 -0.111328125000 0.277823209763 0.000000000000 0.000438928604 -0.158705711365
0 0 3 12 0.130859375000 0.408400297165 0.000000000000 -0.013290166855 -0.188296318054
-2 0 6 -4 -0.145507812500 -0.206743001938 0.000000000000 -0.022445917130 0.041854858398
2 -2 -3 1 0.364746093750 -0.026721000671 0.000000000000 -0.005243778229 -0.026347875595
-2 3 5 -11 0.229980468750 0.453352689743 0.000000000000 0.023639440536 -0.237901926041
3 -4 11 7 0.354980468750 -0.320602893829 0.000000000000 -0.016786098480 0.027065753937
1 2 2 -12 -0.048339843750 -0.182574748993 0.000000000000 -0.003050327301 0.126436471939
-3 0 11 7 -0.216308593750 -0.055623769760 0.000000000000 0.002719640732 0.096750020981
-1 1 5 5 -0.412109375000 -0.282006502151 0.000000000000 0.012655258179 0.223688602448
1 2 5 -13 0.300781250000 -0.607393264771 0.000000000000 -0.012511014938 0.408571243286
0 0 -7 0 0.357421875000 0.307229995728 0.000000000000 0.013223409653 -0.211735486984
-1 0 -7 -21 0.373535156250 -0.242725610733 0.000000000000 -0.004203319550 0.151848316193
1 1 5 16 0.099121093750 -0.545507907867 0.000000000000 0.016020298004 0.381707906723
2 -3 2 3 -0.357421875000 0.108829259872 0.000000000000 0.007166862488 -0.031141281128
1 0 6 16 -0.091796875000 -0.082106828690 0.000000000000 0.008847713470 0.025097608566
2 0 20 20 -0.120605468750 -0.145748138428 0.000000000000 0.012167215347 0.028278112411
-2 2 1 -12 -0.337402343750 0.098454475403 0.000000000000 -0.011552333832 -0.163045167923
2 -2 -15 0 0.342773437500 -0.405267000198 0.000000000000 -0.007891416550 0.234045743942
3 1 14 0 -0.075195312500 -0.273910284042 0.000000000000 -0.029325962067 0.252912759781
-1 1 0 26 0.109375000000 0.131904840469 0.000000000000 0.004760742188 -0.069361925125
-1 1 -15 10 0.198730468750 0.335277795792 0.000000000000 -0.020651817322 -0.150679111481
3 -3 -2 6 -0.239257812500 -0.097440481186 0.000000000000 -0.001671314240 0.210265159607
1 -3 -1 -14 0.034667968750 0.167596817017 0.000000000000 0.011004924774 -0.069357872009
1 0 -2 19 -0.339843750000 0.008706808090 0.000000000000 -0.014501333237 -0.146783590317
0 1 -14 24 -0.138183593750 0.142324209213 0.000000000000 0.003443241119 -0.116969823837
-1 -2 -15 2 0.354492187500 -0.585299491882 0.000000000000 0.017718076706 0.407869338989
-1 0 7 20 0.301269531250 0.076114654541 0.000000000000 -0.018533229828 -0.045398235321
-3 0 -2 3 -0.494140625000 0.259018898010 0.000000000000 0.009630441666 -0.243592977524
-3 -2 -2 -6 0.178710937500 0.225969314575 0.000000000000 0.011775016785 -0.057729959488
0 1 19 4 0.499023437500 0.252160549164 0.000000000000 -0.004862546921 -0.145931243896
2 2 1 8 -0.332519531250 0.101917028427 0.000000000000 -0.016078233719 -0.042083501816
-1 2 -6 -5 -0.237304687500 0.061316013336 0.000000000000 0.020823717117 0.104368925095
1 -1 14 -3 0.123046875000 0.170658349991 0.000000000000 -0.000006198883 -0.172306060791
1 0 0 3 -0.359863281250 0.069529533386 0.000000000000 0.003281354904 -0.028872251511
-1 -3 4 -4 0.046386718750 -0.394895553589 0.000000000000 0.012479066849 0.407303571701
-1 0 2 -10 -0.471191406250 -0.286458730698 0.000000000000 0.009528160095 0.123830080032
-2 1 -1 -1 0.127441406250 -0.203543663025 0.000000000000 0.018566608429 0.160093784332
-2 3 13 -9 0.317382812500 0.371441364288 0.000000000000 0.016725778580 -0.388507366180
-1 -1 -14 -12 -0.276367187500 -0.224755525589 0.000000000000 -0.017814874649 0.056935071945
0 0 -5 24 -0.434082031250 -0.118099689484 0.000000000000 0.001251220703 -0.021995067596
2 -3 7 -4 -0.466796875000 0.050633668900 0.000000000000 -0.005943059921 -0.011098861694
2 0 12 -8 -0.079589843750 0.256125926971 0.000000000000 -0.005241870880 -0.299342632294
-2 4 8 -18 -0.299316406250 -0.554441213608 0.000000000000 -0.000905036926 0.525557518005
1 1 3 -12 0.059082031250 0.104326725006 0.000000000000 0.006763458252 -0.025962591171
1 1 8 -11 0.227050781250 -0.593761920929 0.000000000000 -0.001565933228 0.283553838730
1 -1 -1 0 -0.385253906250 -0.019606351852 0.000000000000 -0.013540983200 -0.051584005356
0 -1 13 11 0.371582031250 -0.099353313446 0.000000000000 -0.011114835739 0.026059865952
0 -2 0 1 -0.396972656250 0.087474822998 0.000000000000 -0.026458978653 0.072490930557
-4 0 -4 -3 -0.000976562500 0.022797584534 0.000000000000 0.014326572418 -0.127589225769
-2 1 19 7 -0.172851562500 0.485327959061 0.000000000000 -0.001834869385 -0.347109317780
1 2 3 0 -0.092773437500 -0.541774034500 0.000000000000 0.001857995987 0.300827026367
3 2 -11 -1 0.416015625000 -0.056350946426 0.000000000000 0.011329412460 0.156133174896
0 -1 1 2 -0.261230468750 0.052786827087 0.000000000000 0.008446693420 -0.029725313187
-1 3 1 24 -0.404785156250 -0.217124462128 0.000000000000 -0.013790130615 0.114311933517
1 1 19 -31 -0.310058593750 0.326092481613 0.000000000000 0.000836372375 -0.357880592346
-1 0 2 -4 0.075195312500 0.119786739349 0.000000000000 -0.022900342941 -0.093935728073
0 0 -4 -7 -0.364746093750 -0.483188867569 0.000000000000 -0.005494832993 0.238166809082
-3 -1 6 17 0.345214843750 -0.250688076019 0.000000000000 0.004647254944 0.379671812057
-2 1 12 5 0.298828125000 0.221395969391 0.000000000000 -0.005197048187 -0.145052194595
-2 1 -2 1 0.364257812500 -0.218627452850 0.000000000000 0.011428594589 0.180957317352
2 1 -10 -2 -0.229980468750 -0.166502475739 0.000000000000 0.020731687546 0.172878265381
1 1 0 0 -0.316406250000 0.462136268616 0.000000000000 -0.011459827423 -0.284116506577
-1 0 16 4 0.071777343750 0.242193937302 0.000000000000 -0.009082078934 -0.148450136185
-1 -1 -3 7 -0.302734375000 0.247392654419 0.000000000000 0.012482404709 -0.206197023392
2 2 -12 4 -0.046875000000 -0.204375028610 0.000000000000 0.000960350037 0.158066749573
0 -1 3 -13 0.216796875000 -0.171105146408 0.000000000000 -0.013170242310 0.042954921722
1 -1 1 -4 -0.268554687500 0.087985038757 0.000000000000 -0.002203941345 0.115546464920
-1 1 -1 14 -0.236816406250 0.049264192581 0.000000000000 -0.005060195923 0.057689666748
1 0 -5 -1 0.403320312500 0.399961471558 0.000000000000 -0.005073547363 -0.234024047852
1 0 -11 13 0.498535156250 -0.147840023041 0.000000000000 -0.013329744339 0.068059206009
-6 0 21 -3 -0.155273437500 0.019713878632 0.000000000000 0.013527393341 -0.149718523026
-1 -1 -18 1 0.424804687500 -0.284633159637 0.000000000000 0.016047477722 0.094115495682
1 -1 -7 -4 0.304199218750 0.400076150894 0.000000000000 -0.012613296509 -0.195443153381
-1 0 7 -8 0.195312500000 -0.351737976074 0.000000000000 0.004882097244 0.377601623535
0 0 0 1 -0.448730468750 0.236986160278 0.000000000000 -0.021547079086 -0.087202548981
0 -3 1 -12 -0.023925781250 0.058784484863 0.000000000000 -0.013158082962 -0.039465427399
-1 -2 -11 9 0.405761718750 -0.038749456406 0.000000000000 0.010190725327 0.047488927841
2 -3 0 18 -0.372558593750 0.386305570602 0.000000000000 -0.008035898209 -0.404582500458
0 -2 -4 27 0.035156250000 0.480081319809 0.000000000000 -0.000392198563 -0.315576791763
0 -2 -13 -6 -0.493164062500 -0.577129125595 0.000000000000 -0.002345561981 0.385991811752
-3 -1 26 -4 0.498535156250 -0.315547466278 0.000000000000 0.010391473770 0.248136520386
0 0 -5 -6 -0.280761718750 -0.177905559540 0.000000000000 0.024144887924 0.058578729630
-1 0 -2 6 -0.095703125000 0.137079000473 0.000000000000 -0.001005172729 -0.106983184814
1 4 8 -20 0.074218750000 -0.047418594360 0.000000000000 -0.015785217285 0.039529800415
0 -3 -17 0 -0.195312500000 0.366979360580 0.000000000000 0.004089117050 -0.209048748016
-3 -1 15 -7 -0.417480468750 0.483425617218 0.000000000000 0.001130342484 -0.418345212936
3 -1 -9 0 0.456542968750 0.160876989365 0.000000000000 -0.007557392120 -0.233005762100
2 0 -14 23 -0.001464843750 -0.265082597733 0.000000000000 0.014792442322 -0.035174846649
0 -1 3 8 0.496093750000 -0.355275154114 0.000000000000 -0.019764900208 0.413665771484
4 -1 -3 7 -0.014160156250 0.144730806351 0.000000000000 0.009552955627 -0.134960174561
1 -2 -4 7 0.100097656250 -0.041110038757 0.000000000000 -0.019056558609 0.088231325150
0 0 8 -16 0.262695312500 -0.313807487488 0.000000000000 0.003484725952 0.159931659698
2 3 12 -16 -0.294921875000 -0.354818105698 0.000000000000 -0.013897418976 0.235495567322
-1 -2 15 -1 -0.153808593750 0.372078180313 0.000000000000 0.021338939667 -0.342082738876
0 0 1 -12 -0.153320312500 -0.335358858109 0.000000000000 -0.024514436722 0.202025413513
-1 -1 6 -5 0.060058593750 -0.333538055420 0.000000000000 0.003445148468 0.239453792572
-3 1 6 -4 -0.249023437500 -0.319088220596 0.000000000000 -0.000768423080 0.290161132812
-3 -2 5 -14 -0.266601562500 -0.231434345245 0.000000000000 -0.018526792526 0.229099035263
-2 -2 -2 -3 -0.157714843750 -0.066783428192 0.000000000000 0.021908044815 0.079516410828
-1 -1 0 19 0.120605468750 0.137176990509 0.000000000000 0.015410900116 -0.003157138824
-1 0 16 4 -0.053222656250 -0.289354324341 0.000000000000 -0.008809328079 0.186812877655
1 -2 6 4 -0.334960937500 0.069630146027 0.000000000000 0.025841951370 -0.132842779160
3 -4 -15 5 0.341796875000 -0.146970748901 0.000000000000 0.009526014328 -0.002416849136
1 2 6 16 -0.486328125000 -0.230373382568 0.000000000000 0.005150318146 0.157801389694
2 -3 12 -5 -0.337890625000 0.133870601654 0.000000000000 -0.011607170105 -0.150381326675
