0 1 1 3 0.340820312500 40.255070686340 0.000000000000 -0.014381647110 44.819117546082
-1 1 5 -5 0.065429687500 0.121161222458 0.000000000000 0.010540723801 -0.154355764389
1 -1 12 18 -0.090332031250 -0.207988023758 0.000000000000 -0.016027212143 0.120607376099
1 1 -23 -5 -0.238769531250 -0.286527872086 0.000000000000 -0.000698804855 0.088839292526
1 -1 3 0 -0.422851562500 0.720976114273 0.000000000000 -0.004026651382 -0.599847078323
2 1 1 -4 -0.322753906250 0.156455993652 0.000000000000 0.011057138443 -0.175446987152
2 2 -13 17 -0.388183593750 0.184576034546 0.000000000000 0.023138999939 -0.211288928986
3 -1 -14 -16 0.060058593750 0.196836709976 0.000000000000 0.000520944595 0.046411037445
5 -2 8 7 -0.036132812500 0.184320688248 0.000000000000 -0.002789497375 -0.089365720749
0 1 -6 9 -0.361328125000 -0.258294582367 0.000000000000 0.010687351227 0.065903663635
1 -2 20 5 -0.386230468750 0.098566532135 0.000000000000 -0.007887125015 -0.180443286896
2 3 3 -4 0.070312500000 0.741962671280 0.000000000000 -0.008413314819 -0.417852640152
0 3 28 -13 -0.050292968750 -0.292251586914 0.000000000000 0.013068437576 0.195269346237
1 0 28 -14 -0.127929687500 0.613389968872 0.000000000000 0.006885051727 -0.441981077194
0 1 -2 -10 -0.094238281250 -0.106060981750 0.000000000000 0.017472982407 -0.141394376755
-2 1 -4 25 -0.209472656250 0.122236013412 0.000000000000 0.009706735611 0.184208393097
-1 3 -5 13 0.354980468750 0.143463850021 0.000000000000 0.002792835236 -0.052716493607
-2 2 5 -6 -0.453613281250 -0.312826156616 0.000000000000 -0.011806726456 0.314402341843
0 1 -4 2 -0.185546875000 -0.014482736588 0.000000000000 0.014363765717 0.065015792847
-1 -1 19 8 -0.477050781250 -0.024442911148 0.000000000000 -0.015116214752 0.039836168289
0 1 -19 14 -0.472656250000 -0.161177396774 0.000000000000 -0.015458822250 0.093849420547
2 1 12 12 -0.021484375000 -0.377883195877 0.000000000000 0.012895584106 0.413866043091
0 0 -2 1 -0.303710937500 -0.088485240936 0.000000000000 0.014477491379 0.034903764725
-1 1 -6 -23 -0.309082031250 -0.385900974274 0.000000000000 -0.009094476700 0.194624900818
1 1 17 14 0.103515625000 -0.671776771545 0.000000000000 0.010803937912 0.349040746689
1 -1 13 -19 0.216308593750 0.497905731201 0.000000000000 -0.007748603821 -0.451920032501
-3 -1 12 12 0.493164062500 -0.322079658508 0.000000000000 0.008067607880 0.259758472443
-1 -1 -15 -7 0.318359375000 0.199105024338 0.000000000000 0.002492666245 -0.136700868607
-1 2 -9 3 0.154785156250 0.061114311218 0.000000000000 0.002571582794 -0.232734441757
0 1 20 -4 -0.389648437500 0.081329584122 0.000000000000 -0.015820503235 -0.017333030701
0 -1 -2 2 0.416015625000 0.022350788116 0.000000000000 0.004153013229 -0.091947793961
-1 2 -9 -5 0.084472656250 0.476842164993 0.000000000000 -0.003878831863 -0.241346359253
0 0 -14 -12 0.123046875000 -0.159256219864 0.000000000000 0.017054080963 0.161995649338
-1 -1 -10 -2 -0.037109375000 0.334321975708 0.000000000000 0.001388311386 -0.166656970978
-1 2 -4 18 0.126464843750 -0.057760477066 0.000000000000 0.010674476624 -0.016890525818
-1 2 1 -3 -0.454589843750 -0.360599756241 0.000000000000 -0.002056837082 0.347351789474
-2 2 3 -1 0.130859375000 -0.185774326324 0.000000000000 0.005002498627 0.365897655487
-1 2 21 -3 0.373046875000 0.246424913406 0.000000000000 0.010931968689 -0.103992938995
1 0 -7 28 0.221679687500 0.231951951981 0.000000000000 -0.007030963898 -0.192594766617
0 -2 6 9 0.259765625000 0.395129203796 0.000000000000 -0.010260820389 -0.212072610855
1 1 3 -12 -0.256347656250 -0.271318197250 0.000000000000 -0.015689373016 0.372747421265
1 -2 -5 4 0.053710937500 0.255396366119 0.000000000000 -0.006542921066 -0.228213548660
-3 0 0 2 -0.222656250000 -0.122897863388 0.000000000000 -0.032267808914 0.150050878525
-1 -2 8 5 0.250976562500 -0.416251182556 0.000000000000 -0.020122051239 0.634527921677
-3 -1 -9 14 -0.195800781250 -0.428971529007 0.000000000000 -0.017646312714 0.300136327744
0 -2 5 -11 0.332031250000 -0.321030139923 0.000000000000 -0.001426696777 0.499420166016
0 -2 -27 6 -0.179199218750 -0.353267431259 0.000000000000 0.006687879562 0.216845750809
-2 0 8 0 -0.086425781250 -0.305016994476 0.000000000000 0.016453266144 0.078845024109
2 1 -19 -4 -0.212402343750 -0.194850683212 0.000000000000 -0.007129907608 -0.015388250351
2 3 -4 0 -0.471679687500 -0.723948955536 0.000000000000 0.017356157303 0.570753812790
5 0 3 0 0.080566406250 0.385091066360 0.000000000000 -0.004778385162 -0.267944097519
3 -3 5 -7 0.072753906250 -0.081801176071 0.000000000000 -0.006799936295 0.057061195374
0 2 14 29 -0.095214843750 0.081391334534 0.000000000000 -0.013976097107 0.028318405151
-1 0 -12 13 -0.085449218750 0.121370315552 0.000000000000 -0.004714250565 -0.156356334686
-1 1 5 -14 0.171875000000 -0.085298299789 0.000000000000 0.027107954025 -0.011163234711
-2 2 7 1 0.066894531250 -0.009862661362 0.000000000000 -0.000220060349 0.314423084259
-3 -2 0 8 0.408203125000 -0.066756963730 0.000000000000 0.021489620209 0.066935300827
0 0 3 0 -0.498046875000 0.681744098663 0.000000000000 0.018522024155 -0.646361112595
3 2 -12 11 -0.099609375000 0.017482519150 0.000000000000 -0.007862329483 -0.172758102417
-1 -1 -14 -1 0.180175781250 0.000301599503 0.000000000000 0.006696701050 -0.050415515900
-1 -1 -7 11 0.111816406250 -0.293535709381 0.000000000000 -0.008383750916 0.294351816177
-2 0 2 -31 -0.269042968750 0.061429500580 0.000000000000 -0.012131214142 -0.392281293869
1 -1 -3 -18 -0.432128906250 0.088826894760 0.000000000000 -0.011196374893 -0.309166908264
-1 -3 12 11 -0.008789062500 -0.256082773209 0.000000000000 -0.007890701294 0.107684135437
0 -2 -16 3 0.226562500000 0.555561780930 0.000000000000 -0.007959842682 -0.436841487885
2 3 -2 -12 -0.366210937500 0.422161817551 0.000000000000 0.009631395340 -0.263021945953
1 0 -12 0 -0.250000000000 0.341815710068 0.000000000000 -0.018747806549 -0.261372327805
-3 1 1 -17 0.171386718750 0.051113367081 0.000000000000 0.010447025299 -0.165964841843
-1 -3 4 25 -0.263671875000 -0.020767688751 0.000000000000 -0.015267133713 0.093086957932
1 1 12 -4 0.026855468750 0.258018732071 0.000000000000 0.019588947296 -0.105826616287
1 1 17 1 0.081054687500 0.072692632675 0.000000000000 0.007514953613 -0.277928113937
-1 -1 -3 11 0.460449218750 -0.093945503235 0.000000000000 0.020807743073 -0.052577733994
3 -1 -3 9 -0.297363281250 -0.100166559219 0.000000000000 -0.006478309631 0.074333667755
-1 -2 13 -2 0.131835937500 -0.523659944534 0.000000000000 0.016858816147 0.520899772644
0 0 2 -10 0.107421875000 -0.326479911804 0.000000000000 -0.003870725632 0.475418329239
1 -2 14 10 0.284179687500 -0.677341699600 0.000000000000 0.020906209946 0.316350460052
0 -1 2 8 0.072265625000 -0.121595144272 0.000000000000 -0.022303581238 0.064902305603
-2 0 -23 5 -0.480468750000 -0.007585048676 0.000000000000 -0.011515140533 0.142688751221
-2 -4 1 23 -0.170410156250 0.534146785736 0.000000000000 -0.026775360107 -0.313575744629
0 2 2 -1 0.325683593750 0.124592781067 0.000000000000 0.001447200775 -0.016418933868
0 -2 2 -15 -0.398925781250 0.620203018188 0.000000000000 0.024282932281 -0.193325281143
0 4 -10 -5 0.040039062500 0.183756113052 0.000000000000 -0.000854253769 -0.108947277069
-2 1 3 -5 -0.238281250000 0.258696079254 0.000000000000 -0.004624843597 -0.108991146088
2 -3 7 -8 -0.182128906250 -0.239612340927 0.000000000000 -0.016108274460 0.367609262466
0 3 9 -8 0.465332031250 -0.243762969971 0.000000000000 -0.009737730026 0.102421998978
2 1 -14 12 -0.294433593750 0.017355680466 0.000000000000 0.003638029099 -0.082786083221
0 -2 15 -18 0.130859375000 0.208645343781 0.000000000000 -0.007703065872 0.071988105774
-1 -1 1 4 0.206542968750 0.312668323517 0.000000000000 -0.016916513443 -0.145644426346
2 -1 -5 2 0.113769531250 0.193416357040 0.000000000000 -0.001510143280 -0.271333217621
1 3 -9 19 0.476074218750 0.250219345093 0.000000000000 0.011930942535 -0.277446031570
2 -1 18 11 -0.245117187500 -0.056999683380 0.000000000000 -0.002436637878 -0.022778749466
-1 -1 -7 -8 0.112792968750 0.193649768829 0.000000000000 0.002506732941 -0.159903049469
-1 0 -6 -21 -0.470703125000 0.370550155640 0.000000000000 0.009598016739 -0.222673416138
-2 1 -7 -14 -0.319824218750 -0.703422546387 0.000000000000 0.003763914108 0.668863534927
0 3 9 -7 0.129394531250 -0.178021907806 0.000000000000 -0.006277561188 0.022233724594
1 0 -25 -3 -0.170410156250 0.518130540848 0.000000000000 0.008722543716 -0.545844554901
2 -1 -8 30 -0.196777343750 -0.418986558914 0.000000000000 -0.020030260086 0.355988979340
-1 2 -18 -7 0.056152343750 -0.204565763474 0.000000000000 0.007400989532 0.352925062180
0 0 13 26 -0.162597656250 0.333808422089 0.000000000000 -0.004096984863 -0.460432529449
-1 -1 -4 -7 -0.429199218750 0.121397256851 0.000000000000 0.005880594254 0.119207859039
0 1 10 10 -0.187988281250 0.609251260757 0.000000000000 -0.020975589752 -0.379215002060
-3 -3 1 -4 -0.396484375000 0.724150657654 0.000000000000 -0.003757476807 -0.441913843155
-1 1 -19 1 0.093261718750 -0.287832498550 0.000000000000 0.007517337799 0.327727794647
0 0 10 -5 -0.321777343750 0.464282512665 0.000000000000 0.007327318192 -0.290078163147
3 2 12 10 0.051269531250 0.020292997360 0.000000000000 0.006963253021 0.149933815002
1 -2 -5 4 -0.151367187500 -0.004201412201 0.000000000000 0.006384134293 0.017336845398
1 -1 20 7 0.292968750000 0.111982107162 0.000000000000 -0.009456396103 0.187279462814
-1 1 -2 -11 -0.246582031250 -0.246568441391 0.000000000000 0.012448310852 0.190778255463
1 1 7 -11 0.125976562500 0.646028995514 0.000000000000 0.010204076767 -0.379088878632
-1 0 -6 -14 0.114746093750 -0.086200237274 0.000000000000 -0.016373395920 -0.105373859406
0 -1 -11 8 -0.413574218750 -0.178987979889 0.000000000000 -0.002630233765 -0.002727031708
2 1 -17 1 -0.064941406250 0.153596639633 0.000000000000 -0.009927749634 -0.272121906281
0 0 18 4 0.291015625000 -0.318864583969 0.000000000000 -0.008049249649 0.299452066422
2 -2 4 2 0.154296875000 0.389813899994 0.000000000000 -0.032767534256 -0.152400970459
2 0 7 18 0.463378906250 0.212199449539 0.000000000000 0.003952026367 -0.289584636688
2 0 3 8 0.384277343750 0.558011293411 0.000000000000 -0.002225160599 -0.484255075455
3 -2 -1 18 0.481445312500 0.089651107788 0.000000000000 0.011754035950 -0.241195201874
1 0 0 11 0.374511718750 0.299423933029 0.000000000000 0.017680168152 -0.337127208710
-1 1 5 2 -0.277343750000 0.205723285675 0.000000000000 -0.019730806351 -0.309160947800
1 1 13 -11 0.295898437500 -0.483911514282 0.000000000000 0.002722740173 0.040247440338
0 0 -13 2 -0.447265625000 -0.109162569046 0.000000000000 0.004249811172 -0.166932106018
-2 0 -4 6 0.100585937500 -0.268295526505 0.000000000000 0.008332490921 0.244323015213
4 -1 1 -3 -0.242187500000 -0.148350715637 0.000000000000 0.011055946350 0.168068647385
1 0 5 3 -0.435546875000 0.514083862305 0.000000000000 -0.018972873688 -0.562593460083
-2 0 -7 -22 0.094238281250 0.360478401184 0.000000000000 0.019348382950 -0.200216293335
0 2 -8 -11 -0.388183593750 0.430004596710 0.000000000000 -0.013986110687 -0.212366104126
1 2 0 -3 0.062011718750 0.610044002533 0.000000000000 -0.002336025238 -0.450955390930
-2 2 -14 21 0.093261718750 1.066963911057 0.000000000000 0.011709928513 -0.456936597824
-6 1 9 -19 0.106933593750 -0.109501838684 0.000000000000 0.016618251801 -0.154971361160
-2 0 0 11 -0.284179687500 0.427730321884 0.000000000000 0.014998912811 -0.454459905624
0 1 0 -7 0.255859375000 -0.060586214066 0.000000000000 -0.008565425873 0.036712646484
0 0 14 -1 0.250488281250 -0.284170150757 0.000000000000 -0.005365610123 0.139276027679
-1 -3 -14 9 0.163085937500 -0.142251253128 0.000000000000 0.005342960358 0.170306444168
1 1 3 -4 -0.289550781250 -0.077805042267 0.000000000000 -0.004170417786 0.127277612686
2 1 12 7 0.279785156250 -0.024868011475 0.000000000000 -0.016307592392 0.136932611465
-2 -1 -13 -3 0.138671875000 0.082356691360 0.000000000000 -0.023442506790 -0.056447744370
-3 1 -8 7 0.091308593750 -0.394866943359 0.000000000000 0.006568193436 0.279871225357
0 -1 -5 -15 0.263183593750 -0.439929962158 0.000000000000 0.004332065582 0.358455896378
-1 -2 -29 8 -0.416992187500 -0.839024066925 0.000000000000 0.003231287003 0.657608747482
5 2 9 13 -0.419433593750 0.234550237656 0.000000000000 -0.009697198868 -0.280281305313
-1 -1 -21 10 0.493652343750 0.151466846466 0.000000000000 -0.019095420837 -0.098521471024
1 1 7 -2 0.104003906250 0.322017908096 0.000000000000 -0.017368078232 -0.112265348434
0 1 12 -12 -0.139648437500 -0.619384288788 0.000000000000 0.019290924072 0.286198139191
0 0 -2 -17 0.438476562500 0.168696880341 0.000000000000 0.018331050873 0.026813745499
-1 0 -10 18 0.310058593750 -0.270698070526 0.000000000000 0.009026527405 0.244127035141
0 0 16 -16 -0.085937500000 -0.018646478653 0.000000000000 0.013552904129 -0.052977323532
0 0 -6 7 0.418945312500 -0.131187677383 0.000000000000 0.019651651382 0.181911945343
1 0 -1 8 -0.090332031250 0.207735300064 0.000000000000 0.002206563950 -0.110994815826
-2 -1 -6 -1 0.260742187500 0.576373100281 0.000000000000 0.022590398788 -0.502959489822
1 1 4 -7 0.176757812500 -0.025158643723 0.000000000000 -0.026358842850 0.102076053619
-1 0 -5 12 0.484375000000 -0.031758308411 0.000000000000 0.008347988129 0.235319137573
0 3 5 -9 -0.243164062500 0.538913249969 0.000000000000 0.006144046783 -0.454513549805
-2 2 0 -6 0.385742187500 -0.347569227219 0.000000000000 0.011222600937 0.268263816833
2 0 1 1 -0.191406250000 0.168286085129 0.000000000000 0.003236770630 0.246750593185
-1 3 -7 -1 0.139160156250 -0.942313909531 0.000000000000 -0.019678354263 0.844801187515
1 2 -4 -17 0.270019531250 0.074901103973 0.000000000000 -0.009900569916 -0.076457977295
1 0 -11 5 -0.154785156250 0.022000074387 0.000000000000 0.013953208923 0.063888788223
-3 -1 9 13 -0.397949218750 0.916052341461 0.000000000000 -0.021382570267 -0.638034582138
1 0 16 0 0.338378906250 -0.732482194901 0.000000000000 0.010625362396 0.693271398544
-3 -2 8 1 0.166015625000 0.125090599060 0.000000000000 -0.010187149048 -0.132114171982
3 2 -8 3 -0.169921875000 -0.462545871735 0.000000000000 -0.007278203964 0.461211204529
0 -2 -3 10 -0.159667968750 0.269007205963 0.000000000000 -0.022764444351 -0.208840131760
3 -2 15 -1 0.319335937500 0.637930631638 0.000000000000 -0.001243591309 -0.417590856552
1 1 5 -14 -0.116210937500 -0.357592105865 0.000000000000 -0.004746913910 0.375796794891
-2 1 -21 -1 -0.285156250000 -0.533781528473 0.000000000000 -0.000807285309 0.338773965836
4 2 4 -9 0.080566406250 -0.028763532639 0.000000000000 0.006017684937 -0.004980087280
-1 1 0 -4 0.311523437500 -0.022054195404 0.000000000000 0.003859996796 -0.066738605499
1 1 -3 -17 -0.313964843750 -0.174532175064 0.000000000000 -0.005129098892 0.136237382889
-1 1 18 -25 -0.045898437500 -0.090152263641 0.000000000000 0.024391889572 0.073616981506
3 -2 2 17 -0.280273437500 0.124530315399 0.000000000000 0.005690574646 -0.152012825012
0 -1 3 -13 -0.002441406250 0.193422079086 0.000000000000 -0.002838373184 -0.191935062408
-3 0 10 1 -0.007324218750 -0.052558422089 0.000000000000 -0.016348361969 0.185074567795
3 3 -5 8 -0.183593750000 0.006963253021 0.000000000000 -0.013340473175 -0.178493976593
-3 3 7 -7 0.098632812500 0.155364751816 0.000000000000 -0.014877557755 -0.372669458389
0 -1 5 18 0.114257812500 0.229143381119 0.000000000000 0.008423805237 -0.003419876099
-1 -1 24 -6 -0.365722656250 0.935537576675 0.000000000000 -0.009388923645 -0.601188421249
-1 1 -8 8 0.039550781250 0.291769504547 0.000000000000 -0.008247852325 -0.341575860977
1 0 -3 -1 0.243652343750 -0.025165319443 0.000000000000 0.013927459717 -0.170186758041
0 0 11 -7 -0.397949218750 -0.562696456909 0.000000000000 0.003662109375 0.396703243256
0 0 -8 -11 -0.403808593750 -0.119866371155 0.000000000000 0.016511201859 -0.222266435623
-1 1 20 -5 -0.264648437500 0.569962024689 0.000000000000 0.012049913406 -0.503774642944
-4 -1 5 -8 -0.224609375000 0.023501157761 0.000000000000 -0.005591154099 -0.143444776535
1 -2 -5 13 -0.069824218750 -0.441326141357 0.000000000000 -0.003306627274 0.078032732010
1 0 16 11 -0.151367187500 -0.531586170197 0.000000000000 -0.021738767624 0.519016981125
-2 -1 -1 10 0.252929687500 -0.680633306503 0.000000000000 -0.010355234146 0.437308311462
-1 3 -1 -2 -0.063964843750 0.376292467117 0.000000000000 0.016413688660 -0.322521209717
3 1 -5 -10 -0.055175781250 -0.042310237885 0.000000000000 0.006526231766 -0.252516031265
-3 -1 13 12 -0.339355468750 -0.359238624573 0.000000000000 0.020374059677 0.218820810318
-3 0 27 4 0.307617187500 0.100569009781 0.000000000000 -0.015527009964 0.164338588715
0 -2 10 5 -0.298339843750 0.560114145279 0.000000000000 -0.007674932480 -0.603429317474
1 -1 -5 0 0.189941406250 0.003531217575 0.000000000000 0.024170398712 -0.069424390793
1 1 13 -1 0.379882812500 -0.101483821869 0.000000000000 0.025938034058 0.300630092621
3 0 -3 16 -0.145019531250 -0.491763830185 0.000000000000 0.013366222382 0.316013574600
0 2 -12 -13 -0.411132812500 -0.242331504822 0.000000000000 -0.001518249512 0.026562929153
3 -2 -11 -1 -0.431640625000 0.051438570023 0.000000000000 -0.011775255203 0.075379371643
-1 -1 -7 -8 0.283691406250 -0.252999782562 0.000000000000 0.004019498825 0.059772491455
5 -1 14 -1 -0.386718750000 -0.126513481140 0.000000000000 -0.011038780212 0.062811613083
0 2 -7 -2 0.102539062500 0.601228952408 0.000000000000 -0.002245664597 -0.160518407822
-2 1 -9 2 0.048339843750 0.085915327072 0.000000000000 0.004292964935 -0.143843412399
0 -1 -2 -4 0.288085937500 0.437167167664 0.000000000000 0.021106243134 -0.393595933914
0 0 -4 7 0.390625000000 -0.111590147018 0.000000000000 0.022200584412 0.295899629593
0 -1 -4 9 -0.135253906250 -0.613531827927 0.000000000000 0.018170118332 0.196053981781
1 0 4 13 0.112792968750 0.262583255768 0.000000000000 -0.013733386993 -0.067697286606
-1 -1 6 3 0.395019531250 -0.107549190521 0.000000000000 0.019342899323 -0.143648386002
-2 1 7 2 0.176269531250 -0.219862699509 0.000000000000 0.007004499435 0.141242980957
-1 0 0 -11 0.171875000000 -0.295278549194 0.000000000000 -0.008921384811 -0.028125762939
-3 -4 -16 -6 -0.091308593750 -0.330977439880 0.000000000000 -0.007561445236 0.261695384979
-1 -2 1 8 -0.455078125000 -0.343589782715 0.000000000000 -0.007293939590 0.140125036240
-1 2 -21 8 -0.300781250000 -0.079815149307 0.000000000000 -0.012811183929 0.084860324860
1 -2 0 1 0.454589843750 0.276594638824 0.000000000000 0.009682178497 -0.136637687683
-2 1 -9 -5 0.158203125000 -0.255630493164 0.000000000000 -0.018063068390 0.245787382126
-2 2 13 -15 0.472167968750 0.131934881210 0.000000000000 0.003009557724 0.052189588547
1 3 -5 -1 -0.373535156250 -0.120194196701 0.000000000000 -0.005717754364 0.113767862320
0 0 5 -17 0.408203125000 -0.765027761459 0.000000000000 0.003306627274 0.445946216583
0 0 14 2 -0.271972656250 -0.009965419769 0.000000000000 0.007345199585 0.028723478317
1 0 14 5 0.209472656250 -0.028983592987 0.000000000000 0.002694845200 0.156259775162
-1 1 2 11 0.374511718750 0.040170431137 0.000000000000 -0.017254829407 0.142212152481
2 2 15 16 0.328613281250 -0.567386388779 0.000000000000 0.000732183456 0.477862358093
4 0 -6 5 -0.147460937500 0.017543315887 0.000000000000 0.010287046432 -0.032400131226
-2 1 17 14 0.224609375000 0.053590774536 0.000000000000 0.005499124527 -0.056237459183
1 2 -16 -3 -0.458007812500 -0.329957962036 0.000000000000 0.002636194229 0.429836750031
1 1 -6 -4 0.373046875000 0.024559259415 0.000000000000 0.013129234314 0.124434709549
-1 -1 0 18 -0.441406250000 -0.632952451706 0.000000000000 0.006229400635 0.724257946014
0 3 -4 7 0.113769531250 0.220710992813 0.000000000000 0.020482778549 -0.133198976517
-1 0 -29 -1 0.444824218750 0.681771516800 0.000000000000 -0.017892837524 -0.327422618866
0 1 -6 14 -0.402343750000 -1.138920068741 0.000000000000 -0.000931024551 0.842175483704
-1 0 -6 -3 -0.367187500000 -0.022386550903 0.000000000000 -0.007026910782 -0.122859477997
0 -2 17 -27 0.025390625000 0.078034877777 0.000000000000 -0.003689765930 -0.317720174789
1 -2 2 9 -0.096191406250 -0.068261623383 0.000000000000 -0.012882709503 -0.037681579590
3 0 -14 16 0.221679687500 0.435826301575 0.000000000000 -0.006633520126 -0.458184242249
2 1 -5 1 -0.048339843750 0.086994647980 0.000000000000 -0.007067680359 -0.285869359970
0 5 -10 6 0.182128906250 -0.238420724869 0.000000000000 -0.003576517105 0.022875785828
-2 1 14 10 -0.478027343750 0.357378721237 0.000000000000 -0.010150671005 -0.121552944183
3 -1 16 7 -0.307128906250 0.244549512863 0.000000000000 0.008054256439 -0.403321981430
0 3 -3 -2 0.443359375000 0.099602222443 0.000000000000 0.004425525665 -0.153738498688
1 1 -5 -2 0.385253906250 -0.237284183502 0.000000000000 0.008419752121 0.116322278976
0 0 -2 5 -0.301269531250 0.381551980972 0.000000000000 -0.002122640610 -0.164955377579
2 -1 12 6 -0.157714843750 0.114128589630 0.000000000000 -0.014318704605 -0.234981536865
-2 -1 -1 -8 -0.266601562500 -0.257072448730 0.000000000000 0.022126436234 0.244735479355
2 -1 -7 -7 -0.428710937500 0.196640491486 0.000000000000 0.021085500717 -0.358964443207
-2 2 10 -5 -0.308105468750 -0.020963907242 0.000000000000 0.019145011902 -0.346074104309
1 0 1 5 0.243164062500 -0.268764734268 0.000000000000 0.001291513443 0.195228815079
1 -1 10 10 0.373046875000 -0.249932289124 0.000000000000 -0.006090164185 0.143144369125
0 0 21 -15 0.339355468750 0.423844099045 0.000000000000 -0.011394977570 -0.559792995453
0 1 22 23 -0.269042968750 0.055211782455 0.000000000000 -0.027152299881 0.072082281113
-1 2 -3 18 0.341308593750 0.094921350479 0.000000000000 -0.002339363098 0.028907775879
-1 -3 -3 10 -0.274414062500 0.401869535446 0.000000000000 -0.020359039307 -0.326300382614
-1 1 4 -31 -0.485839843750 -0.153001070023 0.000000000000 0.003350496292 0.176657676697
1 0 -4 8 -0.134765625000 -0.603446722031 0.000000000000 -0.002860784531 0.606568574905
0 -1 -11 -7 -0.030273437500 0.011074304581 0.000000000000 0.015148639679 -0.165204286575
-1 1 5 18 -0.441894531250 0.095478773117 0.000000000000 0.001443862915 -0.015545129776
2 -1 -2 -1 0.291503906250 0.607037544250 0.000000000000 0.005230665207 -0.558286905289
-2 1 9 4 0.240234375000 -0.459692239761 0.000000000000 0.026033401489 0.438665151596
1 2 -15 13 -0.065917968750 0.203123569489 0.000000000000 0.027500391006 -0.100726366043
2 -1 -14 11 0.396972656250 0.022555828094 0.000000000000 0.009281396866 -0.127817630768
-1 -1 10 -11 -0.228515625000 -0.022886276245 0.000000000000 0.012712955475 0.176680088043
2 0 -6 1 -0.395996093750 0.000000000000 0.000000000000 -0.023430824280 0.000000000000
1 -2 4 -4 0.169921875000 0.022886276245 0.000000000000 0.020664930344 -0.176680088043
-1 0 8 -18 -0.067382812500 -0.022555828094 0.000000000000 -0.008111238480 0.127817630768
0 2 -3 6 -0.040039062500 -0.203123569489 0.000000000000 0.005483388901 0.100726366043
-2 2 -2 -2 0.030273437500 0.459692239761 0.000000000000 -0.010252952576 -0.438665151596
-3 1 5 3 -0.308593750000 -0.607037544250 0.000000000000 -0.015579223633 0.558286905289
3 -1 3 0 -0.123535156250 -0.095478773117 0.000000000000 0.023574829102 0.015545129776
2 2 3 7 -0.069335937500 -0.011074304581 0.000000000000 -0.019071102142 0.165204286575
-2 2 -8 5 0.262695312500 0.603446722031 0.000000000000 -0.011407375336 -0.606568574905
-1 1 4 -6 0.088867187500 0.153001070023 0.000000000000 0.000054597855 -0.176657676697
3 0 -19 -5 0.043457031250 -0.401869535446 0.000000000000 -0.006938457489 0.326300382614
1 -4 -2 8 0.166015625000 -0.094921350479 0.000000000000 -0.011975526810 -0.028907775879
-1 1 28 -8 0.112792968750 -0.055211782455 0.000000000000 -0.026795864105 -0.072082281113
2 1 -17 0 -0.200683593750 -0.423844099045 0.000000000000 -0.006553888321 0.559792995453
-2 -2 -1 2 0.075195312500 0.249932289124 0.000000000000 -0.005196094513 -0.143144369125
4 2 -1 -11 0.318847656250 0.268764734268 0.000000000000 -0.010652065277 -0.195228815079
0 -2 10 10 -0.208496093750 0.020963907242 0.000000000000 0.006587028503 0.346074104309
-2 -2 0 5 -0.169921875000 -0.196640491486 0.000000000000 -0.000065326691 0.358964443207
-2 -1 -26 1 0.381347656250 0.257072448730 0.000000000000 0.022833347321 -0.244735479355
-1 2 -16 7 0.230468750000 -0.114128589630 0.000000000000 0.016655921936 0.234981536865
-1 -1 5 0 -0.414062500000 -0.381551980972 0.000000000000 0.003595590591 0.164955377579
0 0 2 -4 -0.418457031250 0.237284183502 0.000000000000 -0.019267797470 -0.116322278976
0 0 8 20 0.420898437500 -0.099602222443 0.000000000000 0.018014669418 0.153738498688
-1 0 0 -14 -0.037109375000 -0.244549512863 0.000000000000 -0.013167858124 0.403321981430
-2 2 -18 7 0.328613281250 -0.357378721237 0.000000000000 -0.014228343964 0.121552944183
-5 -1 -9 -9 0.394531250000 0.238420724869 0.000000000000 0.001013278961 -0.022875785828
2 -4 -1 -7 -0.327148437500 -0.086994647980 0.000000000000 -0.011759996414 0.285869359970
1 0 6 4 -0.166992187500 -0.435826301575 0.000000000000 0.005381107330 0.458184242249
-1 1 -3 -9 -0.309082031250 0.068261623383 0.000000000000 0.014102697372 0.037681579590
0 2 8 -3 0.291015625000 -0.078034877777 0.000000000000 -0.004050970078 0.317720174789
-1 -1 -2 6 -0.363281250000 0.022386550903 0.000000000000 0.003174543381 0.122859477997
1 2 1 -6 0.236816406250 1.138920068741 0.000000000000 -0.006060838699 -0.842175483704
-2 -2 0 6 -0.176757812500 -0.681771516800 0.000000000000 -0.003229379654 0.327422618866
2 1 -12 -18 -0.350097656250 -0.220710992813 0.000000000000 -0.003724098206 0.133198976517
0 0 20 -4 -0.287597656250 0.632952451706 0.000000000000 -0.003446817398 -0.724257946014
0 0 8 -22 0.481445312500 -0.024559259415 0.000000000000 -0.000488042831 -0.124434709549
1 -3 -16 -8 -0.222167968750 0.329957962036 0.000000000000 0.004361391068 -0.429836750031
-2 2 -10 23 0.314453125000 -0.053590774536 0.000000000000 -0.009006023407 0.056237459183
-1 2 19 -2 -0.393066406250 -0.017543315887 0.000000000000 0.006152868271 0.032400131226
1 3 10 -8 0.382812500000 0.567386388779 0.000000000000 -0.011487007141 -0.477862358093
-1 1 -5 3 0.378417968750 -0.040170431137 0.000000000000 0.011520147324 -0.142212152481
-2 5 6 11 0.215332031250 0.028983592987 0.000000000000 -0.001535654068 -0.156259775162
1 0 10 -7 0.438964843750 0.009965419769 0.000000000000 0.003478527069 -0.028723478317
1 0 -12 -3 -0.395996093750 0.765027761459 0.000000000000 0.021176815033 -0.445946216583
2 1 -5 -4 -0.176757812500 0.120194196701 0.000000000000 -0.003966569901 -0.113767862320
1 2 5 0 -0.282714843750 -0.131934881210 0.000000000000 -0.010252237320 -0.052189588547
-2 0 8 1 -0.292480468750 0.255630493164 0.000000000000 0.020565509796 -0.245787382126
1 0 -28 1 0.238769531250 -0.276594638824 0.000000000000 -0.029173851013 0.136637687683
3 1 -5 10 -0.356445312500 0.079815149307 0.000000000000 -0.020850181580 -0.084860324860
-1 1 -13 -1 -0.433593750000 0.343589782715 0.000000000000 -0.021066665649 -0.140125036240
0 0 -15 3 -0.169433593750 0.330977439880 0.000000000000 0.000932931900 -0.261695384979
2 1 2 12 -0.264648437500 0.295278549194 0.000000000000 0.004301548004 0.028125762939
-1 -2 -4 9 0.409179687500 0.219862699509 0.000000000000 -0.017105817795 -0.141242980957
-1 -2 7 -9 0.008300781250 0.107549190521 0.000000000000 -0.023918628693 0.143648386002
1 0 -10 5 -0.198242187500 -0.262583255768 0.000000000000 0.009907722473 0.067697286606
-1 0 22 11 0.322753906250 0.613531827927 0.000000000000 0.000041961670 -0.196053981781
1 1 10 0 0.011718750000 0.111590147018 0.000000000000 0.009321689606 -0.295899629593
-1 -1 10 5 0.158203125000 -0.437167167664 0.000000000000 -0.014392852783 0.393595933914
0 0 -8 -1 -0.239746093750 -0.085915327072 0.000000000000 0.007320880890 0.143843412399
0 -1 -13 12 0.042480468750 -0.601228952408 0.000000000000 0.011811017990 0.160518407822
-4 1 6 0 0.491210937500 0.126513481140 0.000000000000 -0.003375768661 -0.062811613083
3 1 -5 15 -0.413574218750 0.252999782562 0.000000000000 -0.026037216187 -0.059772491455
2 -3 -16 14 -0.446777343750 -0.051438570023 0.000000000000 -0.012876749039 -0.075379371643
-1 4 3 -19 0.304687500000 0.242331504822 0.000000000000 -0.022082567215 -0.026562929153
1 -1 -9 7 0.372070312500 0.491763830185 0.000000000000 0.006877899170 -0.316013574600
1 -2 8 8 -0.089355468750 0.101483821869 0.000000000000 0.010684013367 -0.300630092621
3 -1 9 14 0.061035156250 -0.003531217575 0.000000000000 0.025379657745 0.069424390793
1 3 1 -10 0.422363281250 -0.560114145279 0.000000000000 0.018856763840 0.603429317474
0 -4 7 7 -0.125488281250 -0.100569009781 0.000000000000 0.004917383194 -0.164338588715
0 0 -1 -5 0.067382812500 0.359238624573 0.000000000000 0.009361982346 -0.218820810318
-3 0 -1 2 -0.354003906250 0.042310237885 0.000000000000 -0.008003950119 0.252516031265
2 1 10 -16 -0.195800781250 -0.376292467117 0.000000000000 0.010756254196 0.322521209717
1 -1 -6 -10 0.179199218750 0.680633306503 0.000000000000 -0.004271268845 -0.437308311462
-4 -3 -9 -2 0.064453125000 0.531586170197 0.000000000000 -0.002516031265 -0.519016981125
0 -2 -8 10 -0.316406250000 0.441326141357 0.000000000000 0.002065181732 -0.078032732010
1 1 0 -5 0.317382812500 -0.023501157761 0.000000000000 -0.007146835327 0.143444776535
0 -1 6 -6 -0.170410156250 -0.569962024689 0.000000000000 0.025441646576 0.503774642944
0 -1 -2 4 0.479980468750 0.119866371155 0.000000000000 -0.017791986465 0.222266435623
1 -4 27 -13 0.147460937500 0.562696456909 0.000000000000 0.016393661499 -0.396703243256
0 -1 5 -3 -0.242187500000 0.025165319443 0.000000000000 -0.023798465729 0.170186758041
3 0 10 0 0.240722656250 -0.291769504547 0.000000000000 0.003393650055 0.341575860977
-1 4 -2 14 0.145507812500 -0.935537576675 0.000000000000 0.017868041992 0.601188421249
6 -2 4 -1 -0.343750000000 -0.229143381119 0.000000000000 -0.009629487991 0.003419876099
0 -1 10 -12 0.487304687500 -0.155364751816 0.000000000000 0.011578798294 0.372669458389
2 -3 8 1 -0.261230468750 -0.006963253021 0.000000000000 -0.005287408829 0.178493976593
-1 -1 -3 30 0.282714843750 0.052558422089 0.000000000000 0.012087583542 -0.185074567795
0 0 -7 3 0.284667968750 -0.193422079086 0.000000000000 0.005540609360 0.191935062408
-1 1 -5 -6 -0.438964843750 -0.124530315399 0.000000000000 0.004206657410 0.152012825012
-1 2 6 -4 -0.047851562500 0.090152263641 0.000000000000 0.015600204468 -0.073616981506
3 1 -7 -17 0.206542968750 0.174532175064 0.000000000000 0.014968633652 -0.136237382889
4 1 -12 15 0.035156250000 0.022054195404 0.000000000000 0.022716045380 0.066738605499
-1 0 5 -3 0.425781250000 0.028763532639 0.000000000000 -0.002971649170 0.004980087280
0 1 5 -8 0.247558593750 0.533781528473 0.000000000000 0.003200054169 -0.338773965836
0 1 -1 2 0.054687500000 0.357592105865 0.000000000000 0.021709442139 -0.375796794891
2 4 -4 -16 0.102050781250 -0.637930631638 0.000000000000 -0.016908884048 0.417590856552
1 -1 8 5 -0.347167968750 -0.269007205963 0.000000000000 -0.006556272507 0.208840131760
-2 0 22 -7 -0.072753906250 0.462545871735 0.000000000000 0.001024246216 -0.461211204529
2 0 -2 -7 0.345703125000 -0.125090599060 0.000000000000 -0.001946210861 0.132114171982
-1 -1 4 13 0.357421875000 0.732482194901 0.000000000000 -0.019862651825 -0.693271398544
-1 -1 5 5 0.158203125000 -0.916052341461 0.000000000000 0.019724130630 0.638034582138
-1 2 12 4 -0.046386718750 -0.022000074387 0.000000000000 -0.020259141922 -0.063888788223
-1 0 4 -10 0.100097656250 -0.074901103973 0.000000000000 -0.013864994049 0.076457977295
1 0 -2 14 -0.246582031250 0.942313909531 0.000000000000 0.009299755096 -0.844801187515
-2 4 14 4 0.355957031250 -0.168286085129 0.000000000000 -0.008746623993 -0.246750593185
1 -2 -17 -20 -0.165039062500 0.347569227219 0.000000000000 -0.015276670456 -0.268263816833
0 -1 6 14 -0.399902343750 -0.538913249969 0.000000000000 0.006030321121 0.454513549805
2 -4 -7 -10 0.389160156250 0.031758308411 0.000000000000 -0.011149168015 -0.235319137573
1 -1 1 -4 0.447265625000 0.025158643723 0.000000000000 -0.003418684006 -0.102076053619
3 -3 -9 -3 0.133300781250 -0.576373100281 0.000000000000 -0.003489017487 0.502959489822
-1 5 6 6 0.093261718750 -0.207735300064 0.000000000000 -0.016046285629 0.110994815826
0 1 1 11 0.029296875000 0.131187677383 0.000000000000 -0.011915445328 -0.181911945343
1 2 8 -8 0.480468750000 0.018646478653 0.000000000000 0.015881538391 0.052977323532
-2 -2 -16 -28 0.241210937500 0.270698070526 0.000000000000 0.015131950378 -0.244127035141
-1 -3 10 -7 0.210449218750 -0.168696880341 0.000000000000 0.032780647278 -0.026813745499
2 0 -3 -8 0.122558593750 0.619384288788 0.000000000000 0.020662069321 -0.286198139191
0 -2 -7 -3 -0.198242187500 -0.322017908096 0.000000000000 0.014118432999 0.112265348434
0 -2 14 19 -0.080078125000 -0.151466846466 0.000000000000 0.021342992783 0.098521471024
0 0 -13 -9 -0.084472656250 -0.234550237656 0.000000000000 0.023239374161 0.280281305313
-2 1 -17 -5 -0.463867187500 0.839024066925 0.000000000000 0.012016057968 -0.657608747482
1 1 5 -28 -0.134277343750 0.439929962158 0.000000000000 -0.004964351654 -0.358455896378
1 -4 -1 -9 0.050781250000 0.394866943359 0.000000000000 -0.006404161453 -0.279871225357
3 -1 -15 -17 0.245117187500 -0.082356691360 0.000000000000 0.006139516830 0.056447744370
-2 3 -3 -11 0.417968750000 0.024868011475 0.000000000000 -0.018875122070 -0.136932611465
-1 -1 11 4 -0.069335937500 0.077805042267 0.000000000000 -0.027859926224 -0.127277612686
0 2 8 4 -0.396972656250 0.142251253128 0.000000000000 -0.014473199844 -0.170306444168
1 1 -10 -17 -0.365234375000 0.284170150757 0.000000000000 -0.008853197098 -0.139276027679
1 -2 -3 -9 -0.294433593750 0.060586214066 0.000000000000 -0.019531250000 -0.036712646484
1 -1 -16 8 0.109375000000 -0.427730321884 0.000000000000 0.027558326721 0.454459905624
-1 2 8 -4 -0.254394531250 0.109501838684 0.000000000000 -0.022742748260 0.154971361160
0 0 5 -5 0.416503906250 -1.066963911057 0.000000000000 0.020205497742 0.456936597824
2 -2 3 17 -0.388183593750 -0.610044002533 0.000000000000 -0.006278753281 0.450955390930
3 3 8 6 0.224121093750 -0.430004596710 0.000000000000 0.020296573639 0.212366104126
0 3 -6 5 -0.232910156250 -0.360478401184 0.000000000000 -0.003808021545 0.200216293335
1 -1 3 -7 -0.280761718750 -0.514083862305 0.000000000000 0.005303859711 0.562593460083
0 3 20 -22 -0.384277343750 0.148350715637 0.000000000000 0.026427745819 -0.168068647385
-1 -3 -27 11 0.390136718750 0.268295526505 0.000000000000 0.010733604431 -0.244323015213
1 0 24 7 0.349121093750 0.109162569046 0.000000000000 0.020024299622 0.166932106018
1 0 0 -1 -0.283203125000 0.483911514282 0.000000000000 0.018822431564 -0.040247440338
1 1 5 15 -0.209960937500 -0.205723285675 0.000000000000 0.002349853516 0.309160947800
-1 -2 20 -7 -0.031738281250 -0.299423933029 0.000000000000 0.024910926819 0.337127208710
-1 1 5 9 -0.440917968750 -0.089651107788 0.000000000000 -0.002976894379 0.241195201874
-1 2 9 8 0.213378906250 -0.558011293411 0.000000000000 0.010766267776 0.484255075455
-1 1 9 28 0.327148437500 -0.212199449539 0.000000000000 0.007704257965 0.289584636688
2 2 0 14 0.320312500000 -0.389813899994 0.000000000000 -0.017548561096 0.152400970459
-1 1 12 -1 -0.251464843750 0.318864583969 0.000000000000 0.003491163254 -0.299452066422
0 3 -2 1 -0.376953125000 -0.153596639633 0.000000000000 -0.016099929810 0.272121906281
-1 -1 26 -7 -0.435058593750 0.178987979889 0.000000000000 -0.022531986237 0.002727031708
-1 0 -23 -2 0.058105468750 0.086200237274 0.000000000000 -0.005585908890 0.105373859406
-1 -1 13 1 0.495605468750 -0.646028995514 0.000000000000 0.015342950821 0.379088878632
0 -1 5 18 -0.422851562500 0.246568441391 0.000000000000 -0.004287481308 -0.190778255463
0 0 -15 -9 -0.390136718750 -0.111982107162 0.000000000000 -0.004416704178 -0.187279462814
-1 -1 -5 27 -0.139160156250 0.004201412201 0.000000000000 0.016467332840 -0.017336845398
1 0 13 -6 0.431152343750 -0.020292997360 0.000000000000 -0.000650167465 -0.149933815002
1 0 10 14 0.123535156250 -0.464282512665 0.000000000000 -0.010481834412 0.290078163147
-1 1 22 9 0.346191406250 0.287832498550 0.000000000000 -0.010124206543 -0.327727794647
1 -2 5 -1 -0.467773437500 -0.724150657654 0.000000000000 -0.002666473389 0.441913843155
1 -1 -19 1 0.250976562500 -0.609251260757 0.000000000000 -0.000413179398 0.379215002060
0 0 -17 15 -0.322753906250 -0.121397256851 0.000000000000 0.011401653290 -0.119207859039
-1 -1 0 -15 -0.200683593750 -0.333808422089 0.000000000000 -0.022269487381 0.460432529449
-1 4 1 -16 -0.069335937500 0.204565763474 0.000000000000 0.010522842407 -0.352925062180
-1 -1 9 8 0.004882812500 0.418986558914 0.000000000000 0.021187067032 -0.355988979340
0 1 -23 -2 0.456054687500 -0.518130540848 0.000000000000 -0.002010583878 0.545844554901
-1 1 0 13 0.048339843750 0.178021907806 0.000000000000 0.028894186020 -0.022233724594
1 -1 -3 13 -0.416015625000 0.703422546387 0.000000000000 0.009809494019 -0.668863534927
1 1 -19 -2 0.133789062500 -0.370550155640 0.000000000000 -0.001877307892 0.222673416138
0 2 11 -21 -0.204101562500 -0.193649768829 0.000000000000 0.017618179321 0.159903049469
-2 2 29 18 0.065429687500 0.056999683380 0.000000000000 0.007488965988 0.022778749466
0 -2 22 12 -0.315429687500 -0.250219345093 0.000000000000 -0.019468784332 0.277446031570
-3 -1 -1 14 0.201171875000 -0.193416357040 0.000000000000 -0.006009817123 0.271333217621
-1 0 -7 -3 0.377929687500 -0.312668323517 0.000000000000 0.000491380692 0.145644426346
2 0 -1 -13 -0.104003906250 -0.208645343781 0.000000000000 0.006115913391 -0.071988105774
-1 -2 -6 -1 -0.206542968750 -0.017355680466 0.000000000000 -0.019649028778 0.082786083221
0 0 7 -7 -0.182128906250 0.243762969971 0.000000000000 -0.017670392990 -0.102421998978
1 1 -12 -14 0.005371093750 0.239612340927 0.000000000000 -0.001656532288 -0.367609262466
0 -3 13 5 0.295410156250 -0.258696079254 0.000000000000 0.013137340546 0.108991146088
0 -1 4 -13 0.028320312500 -0.183756113052 0.000000000000 -0.016379356384 0.108947277069
-2 1 12 7 -0.306640625000 -0.620203018188 0.000000000000 0.015517711639 0.193325281143
-2 2 -2 -6 0.397949218750 -0.124592781067 0.000000000000 -0.011987447739 0.016418933868
0 2 -10 -13 0.472656250000 -0.534146785736 0.000000000000 -0.002039194107 0.313575744629
0 2 -6 3 0.375976562500 0.007585048676 0.000000000000 0.006935358047 -0.142688751221
4 1 -21 5 0.295410156250 0.121595144272 0.000000000000 0.022941589355 -0.064902305603
-1 1 -23 4 0.193359375000 0.677341699600 0.000000000000 -0.022524833679 -0.316350460052
1 0 2 2 -0.331542968750 0.326479911804 0.000000000000 0.010892391205 -0.475418329239
-4 -2 -1 -12 0.430664062500 0.523659944534 0.000000000000 0.016599893570 -0.520899772644
1 -1 10 2 -0.393554687500 0.100166559219 0.000000000000 -0.018511295319 -0.074333667755
-2 -1 4 11 0.340332031250 0.093945503235 0.000000000000 0.006647348404 0.052577733994
-1 2 -18 1 0.382812500000 -0.072692632675 0.000000000000 -0.004872083664 0.277928113937
1 0 13 4 -0.462890625000 -0.258018732071 0.000000000000 0.007813453674 0.105826616287
-2 -1 -13 -5 0.137207031250 0.020767688751 0.000000000000 0.021763086319 -0.093086957932
-2 0 7 -4 -0.329101562500 -0.051113367081 0.000000000000 0.001936197281 0.165964841843
0 -2 12 2 0.019531250000 -0.341815710068 0.000000000000 -0.008665561676 0.261372327805
2 0 -8 -17 -0.358398437500 -0.422161817551 0.000000000000 -0.029947519302 0.263021945953
1 0 -2 5 0.153808593750 -0.555561780930 0.000000000000 0.008594751358 0.436841487885
0 2 -6 0 -0.057617187500 0.256082773209 0.000000000000 -0.024768829346 -0.107684135437
-1 0 -18 5 0.104980468750 -0.088826894760 0.000000000000 -0.017703771591 0.309166908264
-1 0 10 -5 -0.323242187500 -0.061429500580 0.000000000000 -0.016498565674 0.392281293869
0 -2 -13 -7 0.219238281250 0.293535709381 0.000000000000 0.004809617996 -0.294351816177
-2 1 -17 -28 0.040039062500 -0.000301599503 0.000000000000 0.015345096588 0.050415515900
0 -4 -11 -3 -0.453125000000 -0.017482519150 0.000000000000 -0.009024381638 0.172758102417
-3 -4 6 21 -0.239746093750 -0.681744098663 0.000000000000 -0.026923179626 0.646361112595
-3 2 10 4 -0.047363281250 0.066756963730 0.000000000000 -0.008663654327 -0.066935300827
2 1 -17 6 0.408203125000 0.009862661362 0.000000000000 -0.010933637619 -0.314423084259
2 0 -11 7 -0.432128906250 0.085298299789 0.000000000000 0.005067586899 0.011163234711
-3 -1 4 -10 0.078125000000 -0.121370315552 0.000000000000 0.006978511810 0.156356334686
1 3 3 8 0.270507812500 -0.081391334534 0.000000000000 0.006421566010 -0.028318405151
-1 -1 -2 -2 0.383789062500 0.081801176071 0.000000000000 0.007806301117 -0.057061195374
-2 1 -14 -15 0.483886718750 -0.385091066360 0.000000000000 0.021627902985 0.267944097519
-3 -2 -1 -18 0.367675781250 0.723948955536 0.000000000000 -0.001845359802 -0.570753812790
-2 -1 -5 -9 -0.263671875000 0.194850683212 0.000000000000 -0.014034032822 0.015388250351
-1 -1 14 -5 -0.104980468750 0.305016994476 0.000000000000 0.021622657776 -0.078845024109
1 0 -21 1 -0.355957031250 0.353267431259 0.000000000000 0.012487411499 -0.216845750809
-3 2 -10 6 -0.331054687500 0.321030139923 0.000000000000 0.002218484879 -0.499420166016
-3 -2 -6 -2 -0.096191406250 0.428971529007 0.000000000000 -0.005808115005 -0.300136327744
2 0 14 -6 0.237304687500 0.416251182556 0.000000000000 -0.007750988007 -0.634527921677
-2 0 -9 33 -0.496582031250 0.122897863388 0.000000000000 0.008922576904 -0.150050878525
1 0 10 -9 0.344726562500 -0.255396366119 0.000000000000 -0.021958827972 0.228213548660
2 0 -12 0 0.045898437500 0.271318197250 0.000000000000 -0.010811328888 -0.372747421265
-2 1 -14 -4 0.462890625000 -0.395129203796 0.000000000000 -0.015767097473 0.212072610855
-1 1 -4 -20 0.038574218750 -0.231951951981 0.000000000000 0.010539531708 0.192594766617
1 3 -8 1 0.068359375000 -0.246424913406 0.000000000000 -0.010938167572 0.103992938995
-3 0 11 10 0.043945312500 0.185774326324 0.000000000000 0.010814189911 -0.365897655487
0 1 5 9 -0.050781250000 0.360599756241 0.000000000000 0.001079559326 -0.347351789474
-1 0 14 6 0.264648437500 0.057760477066 0.000000000000 0.004962444305 0.016890525818
1 -2 3 10 0.027343750000 -0.334321975708 0.000000000000 0.031401157379 0.166656970978
3 0 -16 16 -0.265625000000 0.159256219864 0.000000000000 0.012145757675 -0.161995649338
2 -1 -16 18 -0.316894531250 -0.476842164993 0.000000000000 0.016515731812 0.241346359253
2 -1 -22 11 -0.435546875000 -0.022350788116 0.000000000000 -0.010143518448 0.091947793961
0 2 -4 5 0.323730468750 -0.081329584122 0.000000000000 0.011477231979 0.017333030701
1 0 9 8 -0.189453125000 -0.061114311218 0.000000000000 -0.013916254044 0.232734441757
-3 1 6 5 0.099609375000 -0.199105024338 0.000000000000 -0.014237642288 0.136700868607
0 4 0 9 0.244140625000 0.322079658508 0.000000000000 0.003531217575 -0.259758472443
0 -2 -12 2 -0.202148437500 -0.497905731201 0.000000000000 0.009186983109 0.451920032501
-1 -2 -3 -16 0.190429687500 0.671776771545 0.000000000000 0.010521650314 -0.349040746689
-1 -1 10 -12 -0.456054687500 0.385900974274 0.000000000000 -0.005315065384 -0.194624900818
-1 0 10 13 -0.197753906250 0.088485240936 0.000000000000 -0.011950016022 -0.034903764725
-2 3 14 -1 -0.019531250000 0.377883195877 0.000000000000 0.006129980087 -0.413866043091
1 -3 -1 3 -0.287109375000 0.161177396774 0.000000000000 0.001548051834 -0.093849420547
-1 2 -5 -10 0.331054687500 0.024442911148 0.000000000000 -0.008191585541 -0.039836168289
1 -1 -5 -8 -0.475097656250 0.014482736588 0.000000000000 0.005983114243 -0.065015792847
-3 3 18 12 -0.385253906250 0.312826156616 0.000000000000 -0.020293474197 -0.314402341843
-1 1 5 -29 0.336914062500 -0.143463850021 0.000000000000 -0.029934644699 0.052716493607
0 2 21 7 0.146972656250 -0.122236013412 0.000000000000 -0.003350019455 -0.184208393097
2 -3 -4 21 0.384277343750 0.106060981750 0.000000000000 -0.022927284241 0.141394376755
1 2 -1 -20 -0.007324218750 -0.613389968872 0.000000000000 -0.005950450897 0.441981077194
1 3 5 20 -0.001953125000 0.292251586914 0.000000000000 -0.005625486374 -0.195269346237
0 0 5 -10 0.175292968750 -0.741962671280 0.000000000000 -0.005670309067 0.417852640152
-2 -1 1 -10 0.328613281250 -0.098566532135 0.000000000000 -0.010469913483 0.180443286896
0 -2 8 16 0.031250000000 0.258294582367 0.000000000000 0.009387254715 -0.065903663635
0 -2 8 -17 0.194824218750 -0.184320688248 0.000000000000 0.000345230103 0.089365720749
0 -2 -11 -2 -0.136718750000 -0.196836709976 0.000000000000 0.024070978165 -0.046411037445
-1 -1 5 -7 0.171386718750 -0.184576034546 0.000000000000 -0.008015632629 0.211288928986
-3 -1 -11 -5 -0.372070312500 -0.156455993652 0.000000000000 0.002577304840 0.175446987152
-1 -1 -31 3 0.075195312500 -0.720976114273 0.000000000000 -0.008324861526 0.599847078323
4 0 3 -11 -0.123535156250 0.286527872086 0.000000000000 0.014078617096 -0.088839292526
0 1 -17 1 0.311523437500 0.207988023758 0.000000000000 -0.008496522903 -0.120607376099
0 1 -11 -18 0.439453125000 -0.121161222458 0.000000000000 0.022626161575 0.154355764389
