0 2653172.238353 2314495.923723 -116579.880297 87143.328624 27.970959 11.077104 21.518283 32.726603 123.362475 81.316350 153.722979 146.016358
1 2469699.278614 2487446.445557 -2530.369404 21684.267783 43.262390 -27.740579 -7.542593 -9.804962 137.679229 -64.194357 25.818959 -3.456000
2 2166216.140128 2767856.438954 -124835.446309 -480018.541625 -5.440629 -53.867091 32.177081 5.172138 237.905393 -257.979109 108.257495 227.734476
3 2550690.039495 2426649.562270 42182.863241 47776.199465 -31.184662 -19.690217 32.848693 -11.225624 -108.654391 16.233305 -9.374816 -50.292802
4 2768874.403770 2186389.952590 15167.106415 289312.467282 32.761954 -3.602815 2.687244 33.486597 -111.844430 2.718189 81.683922 -105.112560
5 3028844.895795 1911727.114714 -21503.479586 -21505.035317 -1.871576 0.544853 -3.340402 46.887218 -12.116197 53.804656 -209.058306 338.708073
6 2538719.707496 2426680.543195 -78159.416047 -45701.827619 34.465092 25.175657 25.354480 7.595776 161.741652 486.026871 245.900042 213.573107
7 1795286.803492 3181705.991704 38127.124646 31474.801698 -3.611748 2.164945 -8.493603 57.724068 26.538176 49.974757 220.994302 -174.149808
8 3077796.520753 1869300.530660 -345211.207233 -556113.819490 30.117615 -0.584725 15.063370 -24.392756 178.243410 -32.364290 155.278117 -157.534656
9 2456032.225033 2514034.667927 -67486.921876 -54675.111557 47.407035 20.507129 -14.487546 7.874653 -93.463062 363.729048 -25.214788 -115.772849
10 2347818.979140 2629709.231932 185663.567482 -26269.541014 37.697977 23.371164 24.073294 23.110941 94.161420 147.063567 97.743769 91.041431
11 1963541.679867 3021030.237865 38941.357306 -72328.948154 -4.110253 -6.662308 26.247131 -49.911471 -7.204920 -88.139818 339.805631 -75.440697
12 2413608.804452 2563835.879403 34801.010385 -14378.770700 -12.621175 -1.900979 -45.372483 23.378294 62.355264 -69.587508 -169.029291 -340.205770
13 2477035.954852 2484898.882669 -394.622116 -42937.010360 49.060614 19.020166 -4.444005 10.083850 -22.851815 14.056126 44.923953 -23.386597
14 2439083.648344 2546707.805431 140323.677799 2339.164120 -49.084640 25.216413 -12.898143 6.663940 285.006946 265.628169 31.799302 47.442645
15 3006709.509652 1912026.219964 82037.644878 190344.595330 -14.653086 8.053221 -1.040151 -43.274841 49.839284 -2.007741 -195.736998 39.471921
16 2505307.504974 2480200.296362 18361.234878 -41019.063631 -40.234805 26.660568 5.212327 4.423792 -31.755973 -230.155732 -76.504028 -17.385745
17 3674394.279069 1285857.596208 156747.492952 291627.053222 -3.379185 -10.505414 39.178274 9.719915 -10.875683 75.194646 -287.523565 53.346650
18 2384187.941129 2599187.006799 -242478.825783 19091.388772 39.942347 34.486621 -16.157075 -16.557386 -74.207699 -190.886812 63.844763 52.852875
19 2448025.569020 2500043.491428 71717.410479 90633.145809 -12.016360 57.294924 5.877570 6.584902 295.369602 20.604797 19.501488 -78.954846
20 2455922.002279 2501450.488641 14249.583433 6842.273286 -31.785890 -27.956009 10.887619 -28.121383 -87.507525 -207.643335 69.660134 -67.561751
21 2251681.092971 2705468.013189 -287076.982368 -385755.058340 44.672653 35.456091 -26.768273 7.949969 227.866031 -128.202671 24.310794 98.076250
22 1994567.600480 2982477.076769 -486605.156212 -455629.207468 41.027589 34.859829 -37.816288 2.000170 -229.295719 -305.758406 303.005777 13.193266
23 2223907.662942 2727777.548087 -3313.164873 59571.845747 12.465282 2.197859 11.696814 -51.367073 -49.009846 -62.892533 -62.297012 153.929136
24 2481614.534703 2469246.691677 -41577.859622 -4764.683143 -35.437964 33.934596 -6.735791 5.816115 72.888346 13.548214 -26.506790 -34.769670
25 1785211.506812 3182667.741113 17585.957633 -194309.749038 -16.486363 0.770535 -9.113572 -56.008313 -94.998753 -146.981278 301.934785 -389.873313
26 1978445.777617 2984699.506330 -56996.211190 -24518.145404 0.022555 5.811936 -27.108336 -49.389222 -4.204630 -34.778036 198.665763 -185.968940
27 2260808.845261 2701323.131377 188011.692864 -317102.845753 -52.614901 1.287753 -15.440366 -25.441362 158.852702 -343.033396 161.866664 -19.893367
28 2480488.696351 2500109.154968 31069.432554 8112.458671 32.482973 -40.753284 0.815940 -7.362676 -36.140645 -237.265343 9.826886 14.560717
29 2300270.460000 2661363.515879 -129646.591585 61909.495580 -34.974589 5.269212 40.167419 11.444006 -55.709980 9.660107 -10.576820 5.540945
30 2143301.354096 2884645.504539 115996.534201 105464.003045 22.361619 -4.432922 27.685685 -42.839350 -6.450538 80.251718 234.639476 158.230897
31 2688868.438298 2292413.107106 -185907.458469 -204628.321744 -37.623347 8.445477 -13.202417 23.047802 -36.284999 198.965660 16.202031 95.683963
32 2490985.442916 2483244.940706 -17168.016736 19512.696198 -38.630772 31.309335 -11.048057 -1.513683 -188.273899 -69.067149 -59.605102 -75.438329
33 1698758.159651 3248462.657874 -384607.619795 282639.089327 -22.067239 -23.410774 3.409719 52.857010 61.579506 -78.376099 -217.708625 95.574232
34 2125793.768479 2862435.826414 498815.583242 105356.740382 -46.706736 15.699079 -31.652820 19.742250 -47.891260 -616.246351 -194.916387 -462.898140
35 2649513.939914 2368230.784825 26964.565217 251333.245178 -35.273373 21.249531 -10.591556 -20.436175 218.669511 -283.761776 94.530879 98.431941
36 2441995.107209 2529978.937336 25696.772679 -21281.737238 -21.185725 -22.188145 4.609037 -42.224398 87.922347 218.520696 -213.576001 351.375915
37 2454868.510914 2471489.089486 688.866919 7192.031274 -47.019863 -22.154755 4.321619 -2.853553 102.693021 -668.837567 4.799288 65.444132
38 2695068.916901 2299391.274028 -179932.937674 140605.216428 -31.280522 18.364909 -30.939166 -3.997835 81.859425 -33.346629 9.285334 -17.069156
39 2503296.958142 2461309.501550 13898.238301 -47097.848595 -4.842161 -45.644290 -17.315811 11.243494 227.673382 -219.440665 -140.569810 11.683146
40 3257465.018813 1668119.318837 -112370.017344 -46406.419922 -6.206834 1.407403 -37.649838 23.809025 47.664810 61.847075 47.107751 202.998719
41 2330123.386807 2626460.939609 46144.986930 -12576.142220 -0.279965 19.821819 -13.018541 47.596330 129.591708 83.054348 258.679750 145.231665
42 2425450.064851 2533045.542884 -65320.941638 -230257.627406 63.179608 17.664629 -5.753619 9.607586 267.093087 -255.605319 69.535493 44.451950
43 1567356.766365 3373405.251210 -43879.770266 42814.548752 -3.172310 1.939293 60.216907 6.365014 -22.426627 15.194878 -176.632492 -351.411100
44 2950481.826884 2050644.352600 -52367.132622 -11341.519689 4.738636 3.938829 34.036329 33.096094 -45.575879 -2.632571 -12.902014 -326.500638
45 2299966.474681 2660610.826307 140773.340243 55335.056814 -33.976479 -11.461249 -40.716276 6.213804 -160.749231 -23.111594 -247.292354 85.121403
46 2434114.727526 2513869.529982 -52822.873947 18298.810132 -28.501650 -32.638782 11.798154 27.892129 -55.732342 332.394384 68.747878 -161.779870
47 2071302.734017 2933541.051670 -373954.861796 399973.225627 -31.407671 -39.075995 -6.621417 36.922521 226.154311 -50.568298 -173.249429 -60.976414
48 2394410.208974 2565182.739143 -8101.192206 -119790.628435 -34.718578 -22.150980 22.335147 -27.109963 109.681900 -65.795152 -10.651624 134.768208
49 1877617.704761 3096486.837670 -49904.748981 11240.839838 3.656293 -2.033127 -57.396385 -0.248855 63.833330 -24.973182 -369.602438 182.161644
50 2086376.114202 2873992.656438 336934.115639 133572.005524 15.550138 37.062321 28.505357 32.396323 59.964338 11.509361 90.845412 -70.497076
51 2527937.216348 2436888.472013 161107.926849 -123942.790427 14.170025 40.763568 2.001584 -9.770466 38.345797 217.885161 38.584374 -106.660197
52 2982674.078749 1975655.018936 -5001.390438 -214737.617756 17.026622 -4.002305 -8.168458 -42.735905 42.555742 68.633329 324.686269 -63.417931
53 2290770.743396 2659467.878228 84916.165599 -131808.323211 37.939134 9.535954 11.155688 36.957283 50.493252 -96.155477 173.675087 -22.740231
54 2373998.524770 2595962.544560 -71246.192865 -152363.010598 7.231380 45.947854 -28.617723 -8.183744 154.710553 -139.236875 48.116130 70.207605
55 2401039.374185 2583347.210747 -169930.854312 272062.020571 -41.868496 43.330615 17.591749 2.904761 -48.564901 -35.825890 -31.563796 -14.243865
56 2458385.050808 2510281.911951 63456.319100 -59152.483581 -28.355689 41.455622 -19.851824 2.137271 -182.671570 -340.276358 25.431388 -187.278608
57 2504593.891618 2460807.208457 19876.912946 12670.159730 11.478667 -32.875381 -9.115905 36.619520 25.438239 126.960398 -14.629181 -61.571846
58 2235027.722718 2708339.264332 -160945.263707 40454.169536 30.217422 -1.140206 -45.556207 -7.557455 -46.239937 156.137685 205.903532 -216.061188
59 1630189.560675 3314302.782973 275328.022469 176413.897160 -21.044202 6.967950 -35.598257 44.714002 -59.253125 246.223817 104.142097 576.892380
60 2174010.236492 2777352.760335 -321721.571840 -272220.335633 -16.323050 -46.549356 29.616528 18.360159 -90.447993 -99.252151 75.708883 65.915620
61 2392952.349317 2562133.531510 -53089.291753 -11489.077034 -14.861520 -26.775386 27.609995 33.291740 -92.991870 124.971910 53.883656 -120.941088
62 2508042.744435 2425610.555397 -57458.122019 -9560.120283 38.029974 -11.987794 29.652687 -11.560334 -78.963520 -50.506041 -1.243959 -15.769336
63 2422400.258512 2531670.479995 -128030.892108 195032.589669 59.406577 1.533576 -7.453098 -12.522964 -262.465641 240.904181 129.537642 21.760377
64 2466639.395217 2532602.784000 -8112.558346 -152.560390 -29.476371 4.178657 42.679318 3.547953 -157.347857 27.691758 140.117298 -1.292573
65 3030674.109101 1967891.268464 -27761.552388 390304.963479 -26.456724 -7.210282 7.710928 -34.859688 -9.471624 182.783930 -332.908919 24.974953
66 1811565.534475 3123182.161164 -53249.460248 -73308.436835 6.813946 5.571550 -56.608939 10.703005 33.381479 -9.212464 142.174392 12.717775
67 2431322.070849 2547867.421116 214606.829172 -47728.233743 -56.370825 11.269798 -17.139029 -1.405330 448.866415 -350.031692 112.058506 -72.830601
68 1728951.981458 3272583.430919 -27191.858821 -107053.278498 -5.003638 -6.621079 54.175587 -22.527784 -81.005712 -29.774853 151.835556 -243.247849
69 2464587.537446 2525391.153806 -62526.564636 49027.634313 53.847581 -7.253464 -9.532887 -6.408920 -448.608815 -148.447147 99.156899 93.030343
70 2458191.629454 2512467.684988 44295.035871 -27271.907518 33.780591 37.755920 6.054584 15.086638 -125.022027 98.051336 -13.053838 -23.671651
71 2451472.311125 2524878.411780 2234.670292 -25089.756398 -2.870066 -28.718893 43.487272 -4.483386 -62.274977 -92.340950 130.310266 -2.060312
72 2169317.479376 2806030.383362 19676.039366 12926.542753 5.713882 -3.034975 -4.565512 -54.250382 27.495838 -89.589565 -235.021083 -314.308328
73 2440215.200226 2552405.317539 -1571.649187 -2076.738932 10.480393 -20.577383 -46.420194 5.829054 -74.303766 -18.261862 106.728793 249.112584
74 2101272.339287 2881094.873181 539353.682149 336579.227884 -10.938590 54.334234 12.341384 32.887549 -372.823191 248.262492 -126.797132 210.988173
75 2704635.348161 2267186.218977 74929.858271 135359.184885 3.146200 -28.489453 34.626335 19.875389 -59.464123 54.451280 -26.130446 -12.989136
76 2452603.569551 2493060.371071 8436.594637 2091.788278 -34.986573 0.612653 -29.853882 -24.337114 -57.712208 250.493057 -303.296741 168.288149
77 2241384.412267 2703773.695483 -67891.558395 -145645.439399 -2.190001 -31.003470 41.869600 18.159009 7.324035 68.161768 -99.847878 49.647259
78 2439157.930947 2516976.038156 -2410.866644 -891.508668 6.863201 -6.349390 -50.965564 5.185255 -5.992121 33.723491 348.453321 67.411491
79 3311749.920873 1672025.742397 -35537.793014 12850.897986 -2.089165 -0.280226 -25.173078 -37.437224 31.868700 -65.113739 230.907129 -244.472690
80 2532035.501610 2446190.592171 -90684.426326 13653.937840 36.077150 26.962477 13.772399 15.539800 -92.303722 -97.314275 15.230250 -88.290723
81 2568526.245425 2457031.508906 16615.697156 52318.149091 8.687804 32.703095 -36.620637 -9.773959 605.031590 -27.434562 -289.960606 526.453696
82 2408830.655179 2585891.592862 -32131.267944 -61469.569121 -32.571482 17.356093 9.656615 -37.438956 393.809683 -227.278785 -167.592564 430.739225
83 2336637.476834 2615742.385598 -75854.262334 252272.564790 6.551669 49.150600 26.941857 -11.452978 316.920432 -81.876443 -89.237144 -221.245478
84 2034117.964014 2941851.370757 -58489.647830 207041.440881 23.445319 -2.882051 -20.898998 -47.329737 -19.433735 -41.146740 39.030344 80.707226
85 2719366.055115 2242706.925268 108532.947021 139189.822907 -10.548699 -25.967793 38.252429 11.161022 -119.205799 49.730527 13.672149 -87.867751
86 1585458.012845 3394097.053691 -472894.692743 66096.915764 -27.181988 10.786123 54.049395 -13.980581 50.705883 116.332484 -153.908796 -266.311718
87 2467034.594025 2447333.870433 112035.542202 -4947.689714 -17.342417 42.495651 4.930870 -6.994047 189.177745 -178.408834 -63.979486 -29.754858
88 2545376.007391 2450436.372692 -109043.503664 48963.480208 45.454484 -7.214429 12.051516 4.091479 236.212114 49.600157 109.110682 51.730546
89 2464016.230593 2505049.480250 120378.869965 86214.589302 10.040906 59.117620 6.709090 6.537197 -332.720764 -258.106053 -58.243751 -46.159785
90 2428364.490904 2567304.077765 -32433.952524 -30888.943566 19.930222 25.921723 -35.794882 -20.925242 171.621550 108.888884 -203.484891 -111.098024
91 2727522.280190 2259009.134486 127485.259744 215971.358215 34.099742 -4.479439 -11.228039 30.858802 -159.772952 59.254640 97.712808 -151.262634
92 2412050.272728 2536145.718173 -73501.671885 151022.198291 45.167409 32.535097 0.655027 -15.938070 -149.273976 461.502320 173.143256 -65.352364
93 2345850.241613 2634212.169702 165528.452829 -147450.027092 9.500053 -44.827175 27.289724 -18.029912 -127.928865 -74.727502 -15.430733 -44.680061
94 2517383.961552 2472096.205997 -53946.845404 59987.657045 -40.761717 24.664702 -13.986509 -0.372682 -74.678624 -23.136605 -63.071663 -46.785945
95 2477644.788246 2482804.197600 6996.789821 -10769.349487 -1.182886 -6.795273 39.982728 32.250305 -91.141529 69.554128 102.141205 -452.874722
96 2451767.418798 2489906.018476 14244.938684 790.100563 35.593787 13.992837 -26.117862 23.418159 -230.106889 -145.816029 279.656164 -154.337605
97 1954621.525462 2997112.865382 -129000.536097 -39216.097845 6.046248 -12.180840 -11.710460 54.058443 -19.614874 115.351057 50.368237 -297.314316
98 3335980.881614 1646533.957825 26211.529908 -1354.598968 -2.079758 0.607837 44.104896 -8.155109 -54.998154 -14.076604 -88.102014 57.112178
99 2202092.949058 2789279.651126 -1522.442866 -13655.445871 0.132187 -0.705085 -38.546500 38.700854 35.659735 29.706804 -279.611683 286.099397
100 2472552.461819 2492067.455211 -25116.392129 4203.206206 -28.237725 -40.242366 7.252983 17.237314 -167.877813 139.711078 42.257285 6.371170
101 2407310.502470 2557362.889911 -46281.007183 64463.013410 16.018189 -41.818521 -28.191797 9.048309 172.818320 136.533513 20.352865 -89.541005
102 3064459.933536 1913579.807070 53628.794142 31383.448396 -3.115202 -4.289851 40.855439 22.375285 -36.479890 24.287548 -99.479187 80.482866
103 2361220.147839 2608555.145709 161002.408961 -243743.520941 47.985872 29.355144 0.962769 22.257137 578.073379 -159.175324 220.877110 129.811745
104 1980659.408024 2969637.789181 -9341.031620 -9304.758706 0.237487 -2.624308 30.527491 47.431694 -34.935974 39.834756 157.555697 -115.975347
105 2719179.918376 2224375.337056 -31192.606354 -8151.611525 -1.606138 7.129264 -8.427556 48.370739 51.723476 70.272732 289.391888 95.555866
106 1471440.848427 3456165.582052 -95120.503111 -193072.635508 -6.317192 -10.381610 60.540861 -4.487591 -126.931822 -81.201051 534.802324 -190.867325
107 3149810.857022 1838447.692872 8003.664121 -553650.866512 18.960173 -20.424740 -24.328696 -22.074627 35.871124 -226.583193 -201.908804 31.471087
108 3063114.594556 1885172.523881 397100.955692 308571.740122 -24.858704 -11.617812 33.251868 -7.450534 -81.884035 -88.457494 58.847524 66.279306
109 1780544.046449 3176659.865135 423522.438981 -237931.068820 30.672327 -16.882386 51.026264 1.841771 -63.631148 173.472392 -142.248360 206.471529
110 2629407.502201 2379355.021164 -213860.567089 125303.501812 -41.248207 -2.714264 -18.970106 -12.495304 112.368670 289.770021 -89.893658 173.220709
111 2317567.034001 2676329.853924 37520.388562 -22329.503632 -7.306701 12.859585 -43.226641 28.111893 37.341606 67.681823 -82.625438 111.320523
112 2314854.027775 2639584.042036 152174.009840 231667.071426 -14.289045 -48.145057 -27.670576 -8.194485 59.733550 -54.255365 -22.665566 5.559744
113 2560254.521452 2401230.835347 89103.568138 17422.991907 -29.600406 14.449384 31.450009 -21.473036 21.695651 91.840745 -113.518210 -137.254501
114 2572692.224049 2397813.958069 46306.624626 -132552.938964 38.753456 14.232475 -1.035292 -26.688818 203.201028 -292.836102 -164.099945 -71.851042
115 1577585.696052 3400474.055062 649077.726286 330134.678725 40.854396 4.609734 48.896664 -18.482805 -405.927545 -12.946387 -401.784987 213.484159
116 2767020.829350 2210444.854062 -91254.615999 -224425.587763 -30.156903 -8.973084 -21.585414 28.608033 161.282661 -192.657641 -223.276399 -224.462593
117 2478364.931396 2496045.958648 -23942.177495 -7098.982694 28.568266 -43.388953 -0.899897 6.340131 170.749060 -95.271099 14.449273 62.840511
118 2849168.310042 2124688.633471 26059.240628 -47549.713772 6.601327 1.502543 0.083160 -48.127097 10.326200 -48.518662 34.675261 -83.787088
119 2267322.276865 2695240.277331 159505.987723 130413.909283 -35.288467 -14.435710 -38.781000 12.082965 18.841126 -170.300022 -165.337860 -125.970124
120 2353831.549126 2572715.332386 -172668.347503 215307.002232 -16.087348 -50.736164 -13.746420 20.231482 49.090134 379.738782 107.889523 -77.515435
121 3121366.598817 1854709.213256 -77994.512987 -180855.799861 9.758970 -9.699417 -16.203577 -40.807116 -54.431802 58.970473 243.280990 371.489629
122 2291798.053316 2707249.741954 -366227.002622 42822.542472 20.621485 -49.065995 -15.040364 23.740259 414.046862 42.171310 -192.320510 -11.691167
123 2576937.558156 2402101.213675 65492.249644 56160.362960 8.429384 34.587744 -29.792634 -19.841026 379.707727 -151.761047 -159.595154 297.483980
124 2673453.669037 2316191.111454 -395709.686200 -55715.391860 20.981123 -33.448240 7.453334 -16.461769 -128.220326 12.080845 -21.213891 71.073825
125 2174293.841416 2821604.378067 112398.686330 92797.065812 16.959265 17.382844 49.441820 6.159931 30.780079 -31.163397 86.779536 -168.618574
126 2214405.207032 2741662.381123 -36371.017733 -151067.558107 18.459431 -22.089338 28.627233 37.766936 21.760166 220.642703 -302.120697 25.166466
127 2314827.810137 2656297.473920 -169574.237052 85820.327405 -12.855913 41.047517 23.837062 -26.229661 -359.541523 86.590318 280.104321 0.223691
128 2445106.340097 2490406.845568 -51205.870299 14963.564995 -3.224313 -41.404148 8.537925 31.294060 116.522874 136.687979 -114.445989 -23.250520
129 1787559.931547 3171319.991940 254296.541990 190185.575641 -10.940141 -22.495636 -48.618205 -24.524264 104.663173 12.935547 151.292392 -18.987716
130 2353493.979955 2630030.558759 138947.505891 -30187.678250 4.446309 39.966280 -4.493882 36.534793 99.718451 78.530544 79.592704 24.573564
131 2454841.120228 2526152.119760 -158359.064175 -77197.533913 -36.207869 -44.305716 13.421234 5.261937 -150.447391 273.875666 -30.499322 -42.333629
132 2670529.284672 2277735.197019 -38439.541124 154214.779887 -10.221021 -28.907090 31.700960 -20.912223 -59.715222 63.344183 -123.202283 29.798391
133 2795626.506167 2182709.188047 -107957.045645 103755.038544 23.274999 -2.608023 34.933654 24.122247 -75.852105 -88.051473 115.113318 -197.871749
134 2531968.900676 2463109.226819 -37644.598303 53890.546120 33.761139 29.164504 3.164766 23.636678 -138.232920 259.744183 -101.778996 15.491079
135 2651059.458514 2300440.639282 -241811.739398 84704.186449 -34.605219 19.065024 -24.648033 3.914229 -47.398812 -382.935774 -5.728213 -270.545676
136 2086663.142140 2890593.615665 -27178.136231 80499.953889 3.717811 -11.986666 -54.292942 2.770247 4.301458 60.626555 303.595211 96.674170
137 2354089.097564 2613112.824389 149550.465018 14003.788498 0.856939 -42.839590 -1.950464 -34.462765 3.614565 -46.694147 1.282206 25.015218
138 2438463.181123 2515032.376281 -13184.122442 18915.825187 -13.906027 -19.405839 -10.316500 45.417346 -68.253935 55.993840 104.472478 118.667749
139 2526969.256434 2440834.754452 50934.075761 72286.635253 -32.413523 -25.039933 28.141848 -7.119207 42.072494 209.512881 -187.181276 -28.060830
140 2357373.398614 2626577.508686 -102745.602546 62386.108260 16.271291 -32.642041 -35.245422 19.100373 4.336018 -397.428285 -221.878064 420.851327
141 2513050.459761 2425791.353497 24634.465517 -35294.664017 -19.836882 -31.156501 -15.213187 31.448919 220.423444 152.476360 -25.953454 -191.754370
142 2734929.656523 2245786.244075 5884.821007 -123639.385329 3.539650 19.946033 43.393644 -10.841227 156.533957 -148.598524 -328.009429 -452.803172
143 2461121.963632 2499622.186598 42447.557721 -15606.280358 16.279570 47.411917 -4.200844 17.730674 -263.517694 481.452726 -157.024421 46.068471
144 2380050.768769 2549559.765352 -146630.370673 -136403.873404 -52.845062 8.200006 13.119780 -16.115647 126.215033 80.936779 -107.176375 1.765866
145 2651842.643426 2314844.788914 157193.831504 -260953.371914 36.133453 17.258477 -4.035724 -21.736230 -104.891761 -21.148363 85.233359 24.749985
146 2410435.906219 2548470.128258 105883.108035 133827.796003 45.349310 -24.921468 4.942410 -21.520671 -169.290666 -181.603471 -60.374723 27.366750
147 2456014.295322 2537285.478226 76964.229088 -21965.843587 -42.636162 -25.252058 -15.085788 -16.037306 -13.510734 95.178033 -64.195356 66.615394
148 2118197.910780 2888035.866191 -79327.944924 -402175.320231 40.903282 -15.394617 6.371413 40.022185 50.586949 -0.551947 48.669471 67.728831
149 3079796.294797 1920248.393177 44901.096169 -64019.966615 -6.510248 1.887777 33.631813 31.986215 -3.636278 58.473229 -22.649328 -290.773401
150 1973422.229604 2983541.866575 -66245.127133 268923.876208 3.235124 27.824187 47.620963 -18.074759 -285.866609 -47.910931 53.706941 429.984539
151 2624283.685524 2346133.670708 267387.917877 -295960.554141 20.497597 33.563025 3.800730 -13.155579 74.566391 -98.524742 -7.198301 -54.339696
152 2473122.532716 2482068.497746 -16554.589440 39211.760327 -36.130942 44.042573 2.919526 2.100124 -130.462001 -339.181006 -50.786278 -26.916661
153 2423437.996747 2524187.872037 -50866.190864 -58248.373316 -11.585236 -43.665274 27.357537 9.229671 -280.742157 82.076024 40.032180 -121.038204
154 1857645.853619 3096356.059061 -127228.389376 202534.873990 19.881507 -7.166264 -42.440865 -34.458172 62.839237 -21.302523 -11.457578 -67.567097
155 2476950.225104 2523999.933422 -55047.939102 -136508.291754 -48.490978 31.832060 -2.900549 -11.176064 144.186151 230.981337 -91.513656 -13.026382
156 2042023.256511 2954343.729823 -31436.767249 40711.852749 6.640323 1.912264 -19.058432 -52.254126 29.155371 -9.618923 173.101923 -251.671993
157 2508419.845540 2460981.945394 59775.302568 121215.052128 18.926376 -41.551545 6.240764 8.051009 -284.595081 -308.504195 114.878775 29.419859
158 2411449.715272 2558305.483262 -201479.394929 63825.227604 -43.688253 32.232961 19.850011 -6.764063 199.094821 27.287166 -109.969003 -62.707641
159 1589425.950909 3388331.558636 117778.117659 221441.782047 0.081210 -15.336753 -50.911178 -29.919891 38.356801 -64.106429 -138.380079 -76.327073
160 2586677.323643 2383241.060138 -38859.559307 -36422.549346 -23.398411 10.077673 -11.067110 42.494490 22.052050 -148.960027 -276.193513 -229.461552
161 2486159.661703 2491030.505694 16268.349556 16496.613453 5.900947 -48.039344 1.325416 -18.073066 -71.798771 -169.792388 -23.191296 -7.035516
162 3564471.844827 1365062.103780 299166.127586 320705.342215 -13.729773 -6.510973 36.123291 -14.289586 -130.775786 24.934007 21.729122 -212.014288
163 1723247.930999 3243734.021006 -52143.316571 -195128.976618 -12.081976 8.710109 -20.564276 -53.825110 -28.515822 -148.993151 438.942070 -64.192333
164 2365229.994590 2605096.976151 -13497.039819 23064.334660 8.756651 -11.959560 -50.698465 5.323067 47.440008 51.079633 127.694882 -92.496326
165 1833038.627243 3173903.257740 -292166.379381 -70711.652347 -24.012814 -4.792571 54.091951 -2.111150 -131.396847 155.223964 94.502598 -380.075236
166 2502474.269953 2483598.063614 49983.319360 -11662.835180 -38.000382 -29.328999 5.840535 8.864756 -162.348176 -127.898609 -19.580270 72.642508
167 2373940.190423 2588327.037884 -53016.332557 -35428.429798 6.656894 28.892690 -25.455479 -35.930484 -109.126692 -66.351898 207.723169 -58.839286
168 1856876.272150 3132910.201535 -226263.132946 445387.027809 -36.531605 7.779041 30.500928 38.352233 187.300942 -26.742113 -211.362411 -219.315493
169 2437790.314019 2525189.061272 19503.542655 14821.115052 5.281100 0.911169 51.623499 -5.054101 -51.053981 -53.989900 -120.591475 -458.093249
170 1519044.034452 3477059.267671 193274.611544 -70535.680849 0.318621 12.899875 -19.265625 57.078175 -1.800935 44.317724 -73.739299 -16.869637
171 2372027.350949 2585875.675272 20271.809360 144697.830848 39.293932 -22.669338 -13.655614 -27.171035 -477.714436 -52.344684 -2.110566 347.304246
172 2354954.923177 2647490.578918 -63632.879829 -343696.927230 -39.688698 41.491541 -13.545156 -17.851167 -50.762219 46.909307 -47.323163 -56.295170
173 2494161.463655 2466904.114905 10207.461713 -44715.571587 44.893858 -16.837628 -7.914478 -11.025708 -13.643796 219.277660 113.440267 7.239952
174 2343133.852705 2619562.913282 -32666.658571 -175117.245271 -42.174402 -3.958945 7.857248 -34.308217 -156.133667 -176.941609 99.562832 -103.393460
175 2445999.822678 2547544.041038 120309.894580 -191012.790060 29.646648 -58.143830 9.862038 -1.121894 -451.508172 -308.070639 19.875766 -46.413577
176 2365375.111735 2591310.400324 -139406.533298 -228558.595408 -35.849262 -39.569331 22.953818 -3.198294 -88.985009 75.751626 -39.259329 -13.108326
177 1980915.736804 2978294.048726 -192932.285914 408140.701261 -41.110361 8.815547 26.256241 35.320371 -143.730379 174.632448 166.218663 47.596935
178 2472113.524848 2480646.197011 -18845.149714 20675.667914 -52.727761 -21.814599 1.284531 2.610780 -83.445845 19.502555 -39.692467 20.078272
179 2353493.076992 2613293.291710 -15642.111969 77512.805338 -4.820905 28.183182 45.141479 1.121375 -74.688587 -218.999268 -341.113378 73.854267
180 2148629.684675 2847636.637738 459601.791197 -130250.563471 -15.123994 46.633223 -19.753213 30.792839 -312.246484 324.465531 -303.780544 122.846293
181 1866690.896852 3094190.226532 390122.534047 -30185.627049 19.371342 26.391464 26.255075 42.890632 -99.382047 -36.171495 -98.866955 -134.373780
182 2710676.456358 2246311.135419 69989.208310 -34642.104663 -17.156318 7.968411 45.315349 -6.951833 0.075743 -209.502974 -270.681179 427.674982
183 2723552.543692 2203183.684354 -248674.984983 -448916.342283 -8.231119 -36.350008 -18.319484 -5.718639 -3.332250 -27.837375 -29.196121 64.663987
184 2504678.026026 2474041.833218 -3081.772835 9415.044898 17.366776 -6.941794 14.353797 45.971525 -63.733573 6.386142 129.836355 -111.532900
185 2603963.496966 2382012.937947 -72803.200918 112029.443937 35.555201 0.320998 19.862518 27.971119 -374.089998 89.366846 -205.846281 -242.512730
186 2348486.226846 2623655.861375 -254432.406504 120271.212456 -45.189690 -29.923109 12.007414 20.474475 -374.225721 -305.142223 47.021667 219.497182
187 2785304.422988 2149508.579768 -271022.090414 -40918.686417 23.375217 -20.580077 22.742709 -26.617269 39.861758 75.024577 121.086734 134.211597
188 1516180.374140 3397190.534502 295355.551981 37880.177296 17.853766 -1.261116 58.638071 -8.999886 86.125625 143.524038 473.237220 461.396158
189 2770095.950510 2202276.582848 -284135.828587 -4516.229073 -31.793285 -7.260963 -33.128556 -7.182282 114.972875 44.215381 39.622586 62.996358
190 2465246.087178 2470122.129452 -10990.408255 6987.350111 50.483968 -4.579910 -12.661120 -2.485308 -13.604759 -363.129396 30.228198 94.483049
191 1526113.580078 3435765.018813 100896.723517 -492890.544248 -12.502989 26.860234 -54.671964 -13.798284 28.230294 -94.082145 147.647611 -63.047056
192 2463712.710883 2527322.427442 68842.199721 27473.367323 49.755638 9.368090 18.267614 -3.900050 -101.058518 -175.247741 -7.164722 -55.071247
193 2589704.967753 2374164.620426 50500.652337 7732.665706 16.868851 5.839976 -45.519938 -13.287547 -37.949449 133.280688 225.595227 -407.860856
194 2512208.956543 2456089.741470 26433.528379 14982.945863 -27.138291 28.907082 6.372335 -31.746532 68.980729 -136.053079 -35.654875 74.661898
195 2230879.450581 2748897.559193 264620.425514 -153359.516708 41.048051 18.811530 21.483784 29.280287 372.360515 -124.127647 364.364962 33.663689
196 2170143.775007 2764731.257079 -75105.028716 179145.764610 -28.703912 0.056565 20.415266 43.141707 25.852677 190.702677 174.899514 -174.146352
197 1850027.645861 3142700.543651 -149573.106976 80585.830818 5.444551 -13.381294 -46.252113 32.242350 -40.408587 58.521138 326.765298 66.662700
198 2495537.674883 2475628.081181 -31104.610906 -2451.609657 42.317519 24.544861 2.183349 5.715657 423.161231 10.725105 87.846105 6.755851
199 2689255.143149 2271022.471874 344271.760476 35197.653612 -5.227170 -38.722957 5.235563 21.566707 -308.310534 328.657091 145.586254 -135.635982
200 2384468.255653 2595284.839543 -20785.479428 219122.284371 -35.830670 38.736346 17.558343 14.326178 -466.465583 -326.812997 -162.258756 171.240237
201 2474894.383057 2485309.304084 -15340.642679 -19420.334400 21.275667 -49.277253 -1.964271 2.684382 -557.585828 304.468369 57.742745 35.278444
202 1745083.580925 3231437.556478 89432.966326 227274.345814 -18.844772 4.667721 -9.144678 55.823959 254.071257 106.543231 442.671004 -591.288412
203 2546959.199740 2412110.115267 90340.412286 58581.755283 19.352140 38.913001 -20.845805 -11.041931 141.587134 -82.368325 -8.843115 25.720710
204 2065171.820023 2930580.376581 55256.080577 46814.989833 4.255578 -5.971361 4.382620 -55.366340 -16.284790 -72.480330 -175.295120 -108.745508
205 2577296.196617 2390734.610033 58173.034239 33413.439828 15.148654 29.145243 -30.720328 -22.914694 -25.661472 184.958753 -29.273501 -279.944700
206 2198293.906626 2743149.529136 -208622.599651 309445.020810 -10.339111 47.184182 32.637206 -12.487246 174.657600 -329.986669 -280.814684 -28.936328
207 2012944.385114 2932837.429592 -48237.069010 16666.765002 -9.081750 -3.967235 31.982352 45.168096 72.339518 17.687602 -543.526649 -184.637512
208 2757868.887120 2199037.451061 -313258.266075 17437.723069 -18.931521 29.038111 -16.507873 26.444366 -10.786922 5.117704 -51.973680 -60.189656
209 1730674.090637 3268298.017359 -94146.237983 -549921.528549 -10.918229 36.251912 -45.751501 -21.622179 -219.098340 -6.814070 31.983353 -356.255543
210 2443487.789459 2531722.314581 -49127.192056 -56289.052961 48.625029 2.519664 -13.722125 18.160224 222.875158 245.658496 -98.357508 19.009432
211 1891553.828746 3097982.764711 -3094.055985 629224.384949 42.699777 -19.865929 -19.460272 -39.169786 76.908383 -53.783762 0.004683 -46.036429
212 2387000.183120 2599894.312927 99119.410232 -144560.017300 -46.065958 -12.381047 -9.824592 -26.718232 -39.842030 -193.718713 26.273925 -71.484775
213 2467928.506726 2521524.233699 46036.224074 -27756.635327 29.636314 -42.774462 11.312546 -8.066617 7.676755 -82.937889 38.855635 22.332898
214 2485857.056869 2486353.855089 22939.813555 -41905.721626 40.582933 38.662588 -1.468385 4.729165 -192.053090 217.289085 10.000154 -39.769098
215 2374830.570211 2601573.583247 -281217.881621 9019.456798 -53.487356 9.738312 23.331518 -2.507060 228.541462 88.827193 -144.242620 -54.296675
216 1632422.417794 3364578.944803 -112908.514630 25916.657579 7.095518 0.130990 -57.752669 -15.375363 83.909346 -16.555579 -340.620538 -40.784900
217 2413791.474148 2552845.030480 -3237.995900 -52583.278842 34.413189 4.722116 -8.831765 38.917190 42.758793 0.711564 71.621959 38.344614
218 2462122.481133 2480726.925943 60325.746593 38850.399866 -42.977110 28.656843 -6.266098 14.679793 113.047858 144.423640 10.350349 -10.655396
219 1898440.523035 3067869.461629 237844.870677 -691306.075309 -16.804638 -48.788327 33.126674 -25.248889 89.162512 386.189784 -290.309298 215.522412
220 2334039.513717 2601025.542910 -174119.284638 -285684.768168 10.539957 -57.237092 15.657778 15.051423 145.551498 425.263840 -153.998002 3.325104
221 2363339.170061 2613273.152716 36636.012171 94529.277753 -18.326439 27.600272 20.738624 36.876799 -65.364794 35.488141 -42.517941 27.335504
222 2971055.297461 2000475.451056 111203.773299 -153897.253472 -3.141606 -17.816821 -28.320193 32.944069 85.475817 36.699400 -87.677952 -68.259578
223 2037753.144852 2973610.692291 196594.555023 171089.850793 4.804528 27.078776 37.764175 33.573521 -113.516025 -134.396240 -299.643600 -160.788728
224 3072142.310119 1903549.954592 -79041.803649 -384952.999452 24.903865 1.281767 9.116664 -35.951662 -20.358794 68.734557 202.021377 44.154517
225 2632340.205584 2305618.038162 -27704.643968 183147.473869 -34.577923 -8.759182 2.497778 -33.159033 93.190254 41.354049 -96.106789 110.724474
226 2443381.762545 2525226.906730 64247.162059 99454.267772 42.781517 -33.884119 -0.516871 -16.031192 -279.325856 -304.676198 -82.195109 43.249889
227 2427835.549292 2542146.212631 75949.209033 -25753.856817 2.305086 44.806790 -9.842645 27.158819 126.518032 -24.690607 84.314737 -42.849375
228 2823577.941461 2119815.230857 25054.744204 -64702.622285 -7.792739 2.866801 29.365056 37.768234 68.956846 38.169348 -214.966840 -557.119952
229 1856681.167308 3115095.937684 -208392.659346 8508.031501 -14.967325 7.224136 52.029167 -20.876842 -73.909669 19.735286 107.552851 -119.783236
230 2466737.081753 2499447.213484 20699.794770 4140.731684 27.965377 44.709741 8.925788 4.447012 -245.227768 124.491487 -0.205597 1.067249
231 2612856.873933 2366254.435763 126598.234298 -13425.978300 -32.997367 -13.389714 30.066730 16.447424 14.832511 -22.379201 -86.623553 48.148611
232 2315087.216591 2669702.896771 43588.920252 30160.875514 19.439588 -1.704673 43.091423 -24.945205 18.829401 -151.264598 17.348182 -357.946740
233 2158802.420068 2791332.290487 -26380.615347 91749.791087 15.937607 -4.365872 -23.269874 -46.998874 94.427655 -38.273200 -19.573523 -227.941149
234 2593797.706144 2351963.174746 176622.528298 -225928.455136 -7.492085 -40.676406 -10.263688 12.804890 -50.966245 -251.607653 -74.063743 144.531403
235 2525316.864122 2452463.654383 -9534.577886 28022.582198 -31.442542 4.148842 -12.684241 -38.235916 216.375949 -360.111503 416.874430 172.859357
236 2472557.419409 2496167.238314 35561.849522 4358.396679 -15.695209 49.390032 -3.353827 13.373241 -69.676845 -345.560273 -39.909348 -140.059825
237 2246834.068499 2703979.895473 -21588.326287 -28350.611544 10.308342 6.928994 -46.817567 23.976381 15.074027 14.197927 96.151794 -94.052661
238 2475462.850293 2494406.850919 44322.232054 15688.652120 -50.500805 5.597635 -13.025241 7.149923 50.089934 -61.806801 -45.960326 -28.127409
239 2418738.599364 2519471.738297 -194752.262938 67032.114998 60.989110 -0.771677 -12.584116 -4.133510 -11.541418 48.339833 49.855755 -8.561117
240 2435500.030428 2517094.247809 -97391.776372 -8837.680554 39.609372 26.102889 -23.475146 -9.655602 132.013059 4.608524 -22.475032 -20.101001
241 2196981.412704 2801250.774642 -75892.664321 52561.574660 -12.306997 -9.482850 19.545537 48.875775 -177.945559 109.280065 570.304798 93.700760
242 2490468.359677 2480374.016804 -12358.507539 -16550.652754 8.216351 25.619261 -4.079983 -44.300055 71.604091 -170.382477 -146.133915 154.196839
243 2405712.121137 2574595.968876 -11078.067040 6242.236152 3.678297 -7.167760 -51.058799 -9.588400 50.510524 -44.410411 -214.823378 66.178660
244 3191857.623931 1764335.311023 -24290.426891 152321.464034 8.357001 4.377722 -10.497855 43.372895 -63.846336 122.871037 -384.623750 -284.229580
245 2294741.919183 2689223.494049 311938.188143 85807.707583 31.845657 -41.248046 11.326181 -26.029571 410.605984 92.342738 260.718657 34.922444
246 2593626.267139 2365357.909461 59681.944752 108202.370258 24.304770 -28.796403 9.556111 31.134779 -51.758705 -140.620204 172.432342 82.706119
247 2652539.695020 2317366.975361 57427.403225 42148.298713 17.324002 -5.319148 -30.876019 35.082528 40.177108 95.318049 -75.151135 -111.594729
248 2711005.237801 2289336.386655 -23041.509392 37022.382011 1.870514 12.715679 -34.238094 33.932442 20.074695 82.218213 -173.180197 36.509886
249 2484592.336446 2495492.716882 -595.887830 21711.481138 -36.049828 -37.743704 -4.013450 -3.958364 193.619193 -498.728606 -16.290392 -17.208061
250 2459812.160424 2468496.936274 15522.293197 1448.874459 42.287800 21.712180 -1.353380 0.479297 278.165522 -38.816679 45.411009 -18.920688
251 2474476.058037 2508981.988140 -3614.329370 -1224.993877 18.811961 47.120205 1.145632 -11.945667 -34.742984 352.591371 65.131357 -119.606608
252 2334971.306356 2612064.594793 -349178.163147 214943.971658 -14.083086 -59.585780 -5.703497 21.058100 21.794792 598.455194 84.666318 -148.446033
253 2038663.382499 2926427.072268 -126833.660490 933.882337 -14.751675 -0.877099 54.053794 5.773788 -58.538682 84.272859 48.032338 -288.740572
254 2834489.399715 2137183.389411 -141412.120589 -440429.100482 9.013044 -33.785986 -22.608673 -15.109236 291.283137 -136.875140 -7.865884 -174.442396
255 1374529.346140 3594989.748238 -128118.579076 -13810.922556 -2.226432 -7.008406 24.562335 57.169624 -52.952716 91.110893 259.608568 -462.646843
256 1374529.346140 3594989.748238 -128118.579076 13810.922556 -2.226432 7.008406 24.562335 -57.169624 -52.952716 -91.110893 259.608568 462.646843
257 2834489.399715 2137183.389411 -141412.120589 440429.100482 9.013044 33.785986 -22.608673 15.109236 291.283137 136.875140 -7.865884 174.442396
258 2038663.382499 2926427.072268 -126833.660490 -933.882337 -14.751675 0.877099 54.053794 -5.773788 -58.538682 -84.272859 48.032338 288.740572
259 2334971.306356 2612064.594793 -349178.163147 -214943.971658 -14.083086 59.585780 -5.703497 -21.058100 21.794792 -598.455194 84.666318 148.446033
260 2474476.058037 2508981.988140 -3614.329370 1224.993877 18.811961 -47.120205 1.145632 11.945667 -34.742984 -352.591371 65.131357 119.606608
261 2459812.160424 2468496.936274 15522.293197 -1448.874459 42.287800 -21.712180 -1.353380 -0.479297 278.165522 38.816679 45.411009 18.920688
262 2484592.336446 2495492.716882 -595.887830 -21711.481138 -36.049828 37.743704 -4.013450 3.958364 193.619193 498.728606 -16.290392 17.208061
263 2711005.237801 2289336.386655 -23041.509392 -37022.382011 1.870514 -12.715679 -34.238094 -33.932442 20.074695 -82.218213 -173.180197 -36.509886
264 2652539.695020 2317366.975361 57427.403225 -42148.298713 17.324002 5.319148 -30.876019 -35.082528 40.177108 -95.318049 -75.151135 111.594729
265 2593626.267139 2365357.909461 59681.944752 -108202.370258 24.304770 28.796403 9.556111 -31.134779 -51.758705 140.620204 172.432342 -82.706119
266 2294741.919183 2689223.494049 311938.188143 -85807.707583 31.845657 41.248046 11.326181 26.029571 410.605984 -92.342738 260.718657 -34.922444
267 3191857.623931 1764335.311023 -24290.426891 -152321.464034 8.357001 -4.377722 -10.497855 -43.372895 -63.846336 -122.871037 -384.623750 284.229580
268 2405712.121137 2574595.968876 -11078.067040 -6242.236152 3.678297 7.167760 -51.058799 9.588400 50.510524 44.410411 -214.823378 -66.178660
269 2490468.359677 2480374.016804 -12358.507539 16550.652754 8.216351 -25.619261 -4.079983 44.300055 71.604091 170.382477 -146.133915 -154.196839
270 2196981.412704 2801250.774642 -75892.664321 -52561.574660 -12.306997 9.482850 19.545537 -48.875775 -177.945559 -109.280065 570.304798 -93.700760
271 2435500.030428 2517094.247809 -97391.776372 8837.680554 39.609372 -26.102889 -23.475146 9.655602 132.013059 -4.608524 -22.475032 20.101001
272 2418738.599364 2519471.738297 -194752.262938 -67032.114998 60.989110 0.771677 -12.584116 4.133510 -11.541418 -48.339833 49.855755 8.561117
273 2475462.850293 2494406.850919 44322.232054 -15688.652120 -50.500805 -5.597635 -13.025241 -7.149923 50.089934 61.806801 -45.960326 28.127409
274 2246834.068499 2703979.895473 -21588.326287 28350.611544 10.308342 -6.928994 -46.817567 -23.976381 15.074027 -14.197927 96.151794 94.052661
275 2472557.419409 2496167.238314 35561.849522 -4358.396679 -15.695209 -49.390032 -3.353827 -13.373241 -69.676845 345.560273 -39.909348 140.059825
276 2525316.864122 2452463.654383 -9534.577886 -28022.582198 -31.442542 -4.148842 -12.684241 38.235916 216.375949 360.111503 416.874430 -172.859357
277 2593797.706144 2351963.174746 176622.528298 225928.455136 -7.492085 40.676406 -10.263688 -12.804890 -50.966245 251.607653 -74.063743 -144.531403
278 2158802.420068 2791332.290487 -26380.615347 -91749.791087 15.937607 4.365872 -23.269874 46.998874 94.427655 38.273200 -19.573523 227.941149
279 2315087.216591 2669702.896771 43588.920252 -30160.875514 19.439588 1.704673 43.091423 24.945205 18.829401 151.264598 17.348182 357.946740
280 2612856.873933 2366254.435763 126598.234298 13425.978300 -32.997367 13.389714 30.066730 -16.447424 14.832511 22.379201 -86.623553 -48.148611
281 2466737.081753 2499447.213484 20699.794770 -4140.731684 27.965377 -44.709741 8.925788 -4.447012 -245.227768 -124.491487 -0.205597 -1.067249
282 1856681.167308 3115095.937684 -208392.659346 -8508.031501 -14.967325 -7.224136 52.029167 20.876842 -73.909669 -19.735286 107.552851 119.783236
283 2823577.941461 2119815.230857 25054.744204 64702.622285 -7.792739 -2.866801 29.365056 -37.768234 68.956846 -38.169348 -214.966840 557.119952
284 2427835.549292 2542146.212631 75949.209033 25753.856817 2.305086 -44.806790 -9.842645 -27.158819 126.518032 24.690607 84.314737 42.849375
285 2443381.762545 2525226.906730 64247.162059 -99454.267772 42.781517 33.884119 -0.516871 16.031192 -279.325856 304.676198 -82.195109 -43.249889
286 2632340.205584 2305618.038162 -27704.643968 -183147.473869 -34.577923 8.759182 2.497778 33.159033 93.190254 -41.354049 -96.106789 -110.724474
287 3072142.310119 1903549.954592 -79041.803649 384952.999452 24.903865 -1.281767 9.116664 35.951662 -20.358794 -68.734557 202.021377 -44.154517
288 2037753.144852 2973610.692291 196594.555023 -171089.850793 4.804528 -27.078776 37.764175 -33.573521 -113.516025 134.396240 -299.643600 160.788728
289 2971055.297461 2000475.451056 111203.773299 153897.253472 -3.141606 17.816821 -28.320193 -32.944069 85.475817 -36.699400 -87.677952 68.259578
290 2363339.170061 2613273.152716 36636.012171 -94529.277753 -18.326439 -27.600272 20.738624 -36.876799 -65.364794 -35.488141 -42.517941 -27.335504
291 2334039.513717 2601025.542910 -174119.284638 285684.768168 10.539957 57.237092 15.657778 -15.051423 145.551498 -425.263840 -153.998002 -3.325104
292 1898440.523035 3067869.461629 237844.870677 691306.075309 -16.804638 48.788327 33.126674 25.248889 89.162512 -386.189784 -290.309298 -215.522412
293 2462122.481133 2480726.925943 60325.746593 -38850.399866 -42.977110 -28.656843 -6.266098 -14.679793 113.047858 -144.423640 10.350349 10.655396
294 2413791.474148 2552845.030480 -3237.995900 52583.278842 34.413189 -4.722116 -8.831765 -38.917190 42.758793 -0.711564 71.621959 -38.344614
295 1632422.417794 3364578.944803 -112908.514630 -25916.657579 7.095518 -0.130990 -57.752669 15.375363 83.909346 16.555579 -340.620538 40.784900
296 2374830.570211 2601573.583247 -281217.881621 -9019.456798 -53.487356 -9.738312 23.331518 2.507060 228.541462 -88.827193 -144.242620 54.296675
297 2485857.056869 2486353.855089 22939.813555 41905.721626 40.582933 -38.662588 -1.468385 -4.729165 -192.053090 -217.289085 10.000154 39.769098
298 2467928.506726 2521524.233699 46036.224074 27756.635327 29.636314 42.774462 11.312546 8.066617 7.676755 82.937889 38.855635 -22.332898
299 2387000.183120 2599894.312927 99119.410232 144560.017300 -46.065958 12.381047 -9.824592 26.718232 -39.842030 193.718713 26.273925 71.484775
300 1891553.828746 3097982.764711 -3094.055985 -629224.384949 42.699777 19.865929 -19.460272 39.169786 76.908383 53.783762 0.004683 46.036429
301 2443487.789459 2531722.314581 -49127.192056 56289.052961 48.625029 -2.519664 -13.722125 -18.160224 222.875158 -245.658496 -98.357508 -19.009432
302 1730674.090637 3268298.017359 -94146.237983 549921.528549 -10.918229 -36.251912 -45.751501 21.622179 -219.098340 6.814070 31.983353 356.255543
303 2757868.887120 2199037.451061 -313258.266075 -17437.723069 -18.931521 -29.038111 -16.507873 -26.444366 -10.786922 -5.117704 -51.973680 60.189656
304 2012944.385114 2932837.429592 -48237.069010 -16666.765002 -9.081750 3.967235 31.982352 -45.168096 72.339518 -17.687602 -543.526649 184.637512
305 2198293.906626 2743149.529136 -208622.599651 -309445.020810 -10.339111 -47.184182 32.637206 12.487246 174.657600 329.986669 -280.814684 28.936328
306 2577296.196617 2390734.610033 58173.034239 -33413.439828 15.148654 -29.145243 -30.720328 22.914694 -25.661472 -184.958753 -29.273501 279.944700
307 2065171.820023 2930580.376581 55256.080577 -46814.989833 4.255578 5.971361 4.382620 55.366340 -16.284790 72.480330 -175.295120 108.745508
308 2546959.199740 2412110.115267 90340.412286 -58581.755283 19.352140 -38.913001 -20.845805 11.041931 141.587134 82.368325 -8.843115 -25.720710
309 1745083.580925 3231437.556478 89432.966326 -227274.345814 -18.844772 -4.667721 -9.144678 -55.823959 254.071257 -106.543231 442.671004 591.288412
310 2474894.383057 2485309.304084 -15340.642679 19420.334400 21.275667 49.277253 -1.964271 -2.684382 -557.585828 -304.468369 57.742745 -35.278444
311 2384468.255653 2595284.839543 -20785.479428 -219122.284371 -35.830670 -38.736346 17.558343 -14.326178 -466.465583 326.812997 -162.258756 -171.240237
312 2689255.143149 2271022.471874 344271.760476 -35197.653612 -5.227170 38.722957 5.235563 -21.566707 -308.310534 -328.657091 145.586254 135.635982
313 2495537.674883 2475628.081181 -31104.610906 2451.609657 42.317519 -24.544861 2.183349 -5.715657 423.161231 -10.725105 87.846105 -6.755851
314 1850027.645861 3142700.543651 -149573.106976 -80585.830818 5.444551 13.381294 -46.252113 -32.242350 -40.408587 -58.521138 326.765298 -66.662700
315 2170143.775007 2764731.257079 -75105.028716 -179145.764610 -28.703912 -0.056565 20.415266 -43.141707 25.852677 -190.702677 174.899514 174.146352
316 2230879.450581 2748897.559193 264620.425514 153359.516708 41.048051 -18.811530 21.483784 -29.280287 372.360515 124.127647 364.364962 -33.663689
317 2512208.956543 2456089.741470 26433.528379 -14982.945863 -27.138291 -28.907082 6.372335 31.746532 68.980729 136.053079 -35.654875 -74.661898
318 2589704.967753 2374164.620426 50500.652337 -7732.665706 16.868851 -5.839976 -45.519938 13.287547 -37.949449 -133.280688 225.595227 407.860856
319 2463712.710883 2527322.427442 68842.199721 -27473.367323 49.755638 -9.368090 18.267614 3.900050 -101.058518 175.247741 -7.164722 55.071247
320 1526113.580078 3435765.018813 100896.723517 492890.544248 -12.502989 -26.860234 -54.671964 13.798284 28.230294 94.082145 147.647611 63.047056
321 2465246.087178 2470122.129452 -10990.408255 -6987.350111 50.483968 4.579910 -12.661120 2.485308 -13.604759 363.129396 30.228198 -94.483049
322 2770095.950510 2202276.582848 -284135.828587 4516.229073 -31.793285 7.260963 -33.128556 7.182282 114.972875 -44.215381 39.622586 -62.996358
323 1516180.374140 3397190.534502 295355.551981 -37880.177296 17.853766 1.261116 58.638071 8.999886 86.125625 -143.524038 473.237220 -461.396158
324 2785304.422988 2149508.579768 -271022.090414 40918.686417 23.375217 20.580077 22.742709 26.617269 39.861758 -75.024577 121.086734 -134.211597
325 2348486.226846 2623655.861375 -254432.406504 -120271.212456 -45.189690 29.923109 12.007414 -20.474475 -374.225721 305.142223 47.021667 -219.497182
326 2603963.496966 2382012.937947 -72803.200918 -112029.443937 35.555201 -0.320998 19.862518 -27.971119 -374.089998 -89.366846 -205.846281 242.512730
327 2504678.026026 2474041.833218 -3081.772835 -9415.044898 17.366776 6.941794 14.353797 -45.971525 -63.733573 -6.386142 129.836355 111.532900
328 2723552.543692 2203183.684354 -248674.984983 448916.342283 -8.231119 36.350008 -18.319484 5.718639 -3.332250 27.837375 -29.196121 -64.663987
329 2710676.456358 2246311.135419 69989.208310 34642.104663 -17.156318 -7.968411 45.315349 6.951833 0.075743 209.502974 -270.681179 -427.674982
330 1866690.896852 3094190.226532 390122.534047 30185.627049 19.371342 -26.391464 26.255075 -42.890632 -99.382047 36.171495 -98.866955 134.373780
331 2148629.684675 2847636.637738 459601.791197 130250.563471 -15.123994 -46.633223 -19.753213 -30.792839 -312.246484 -324.465531 -303.780544 -122.846293
332 2353493.076992 2613293.291710 -15642.111969 -77512.805338 -4.820905 -28.183182 45.141479 -1.121375 -74.688587 218.999268 -341.113378 -73.854267
333 2472113.524848 2480646.197011 -18845.149714 -20675.667914 -52.727761 21.814599 1.284531 -2.610780 -83.445845 -19.502555 -39.692467 -20.078272
334 1980915.736804 2978294.048726 -192932.285914 -408140.701261 -41.110361 -8.815547 26.256241 -35.320371 -143.730379 -174.632448 166.218663 -47.596935
335 2365375.111735 2591310.400324 -139406.533298 228558.595408 -35.849262 39.569331 22.953818 3.198294 -88.985009 -75.751626 -39.259329 13.108326
336 2445999.822678 2547544.041038 120309.894580 191012.790060 29.646648 58.143830 9.862038 1.121894 -451.508172 308.070639 19.875766 46.413577
337 2343133.852705 2619562.913282 -32666.658571 175117.245271 -42.174402 3.958945 7.857248 34.308217 -156.133667 176.941609 99.562832 103.393460
338 2494161.463655 2466904.114905 10207.461713 44715.571587 44.893858 16.837628 -7.914478 11.025708 -13.643796 -219.277660 113.440267 -7.239952
339 2354954.923177 2647490.578918 -63632.879829 343696.927230 -39.688698 -41.491541 -13.545156 17.851167 -50.762219 -46.909307 -47.323163 56.295170
340 2372027.350949 2585875.675272 20271.809360 -144697.830848 39.293932 22.669338 -13.655614 27.171035 -477.714436 52.344684 -2.110566 -347.304246
341 1519044.034452 3477059.267671 193274.611544 70535.680849 0.318621 -12.899875 -19.265625 -57.078175 -1.800935 -44.317724 -73.739299 16.869637
342 2437790.314019 2525189.061272 19503.542655 -14821.115052 5.281100 -0.911169 51.623499 5.054101 -51.053981 53.989900 -120.591475 458.093249
343 1856876.272150 3132910.201535 -226263.132946 -445387.027809 -36.531605 -7.779041 30.500928 -38.352233 187.300942 26.742113 -211.362411 219.315493
344 2373940.190423 2588327.037884 -53016.332557 35428.429798 6.656894 -28.892690 -25.455479 35.930484 -109.126692 66.351898 207.723169 58.839286
345 2502474.269953 2483598.063614 49983.319360 11662.835180 -38.000382 29.328999 5.840535 -8.864756 -162.348176 127.898609 -19.580270 -72.642508
346 1833038.627243 3173903.257740 -292166.379381 70711.652347 -24.012814 4.792571 54.091951 2.111150 -131.396847 -155.223964 94.502598 380.075236
347 2365229.994590 2605096.976151 -13497.039819 -23064.334660 8.756651 11.959560 -50.698465 -5.323067 47.440008 -51.079633 127.694882 92.496326
348 1723247.930999 3243734.021006 -52143.316571 195128.976618 -12.081976 -8.710109 -20.564276 53.825110 -28.515822 148.993151 438.942070 64.192333
349 3564471.844827 1365062.103780 299166.127586 -320705.342215 -13.729773 6.510973 36.123291 14.289586 -130.775786 -24.934007 21.729122 212.014288
350 2486159.661703 2491030.505694 16268.349556 -16496.613453 5.900947 48.039344 1.325416 18.073066 -71.798771 169.792388 -23.191296 7.035516
351 2586677.323643 2383241.060138 -38859.559307 36422.549346 -23.398411 -10.077673 -11.067110 -42.494490 22.052050 148.960027 -276.193513 229.461552
352 1589425.950909 3388331.558636 117778.117659 -221441.782047 0.081210 15.336753 -50.911178 29.919891 38.356801 64.106429 -138.380079 76.327073
353 2411449.715272 2558305.483262 -201479.394929 -63825.227604 -43.688253 -32.232961 19.850011 6.764063 199.094821 -27.287166 -109.969003 62.707641
354 2508419.845540 2460981.945394 59775.302568 -121215.052128 18.926376 41.551545 6.240764 -8.051009 -284.595081 308.504195 114.878775 -29.419859
355 2042023.256511 2954343.729823 -31436.767249 -40711.852749 6.640323 -1.912264 -19.058432 52.254126 29.155371 9.618923 173.101923 251.671993
356 2476950.225104 2523999.933422 -55047.939102 136508.291754 -48.490978 -31.832060 -2.900549 11.176064 144.186151 -230.981337 -91.513656 13.026382
357 1857645.853619 3096356.059061 -127228.389376 -202534.873990 19.881507 7.166264 -42.440865 34.458172 62.839237 21.302523 -11.457578 67.567097
358 2423437.996747 2524187.872037 -50866.190864 58248.373316 -11.585236 43.665274 27.357537 -9.229671 -280.742157 -82.076024 40.032180 121.038204
359 2473122.532716 2482068.497746 -16554.589440 -39211.760327 -36.130942 -44.042573 2.919526 -2.100124 -130.462001 339.181006 -50.786278 26.916661
360 2624283.685524 2346133.670708 267387.917877 295960.554141 20.497597 -33.563025 3.800730 13.155579 74.566391 98.524742 -7.198301 54.339696
361 1973422.229604 2983541.866575 -66245.127133 -268923.876208 3.235124 -27.824187 47.620963 18.074759 -285.866609 47.910931 53.706941 -429.984539
362 3079796.294797 1920248.393177 44901.096169 64019.966615 -6.510248 -1.887777 33.631813 -31.986215 -3.636278 -58.473229 -22.649328 290.773401
363 2118197.910780 2888035.866191 -79327.944924 402175.320231 40.903282 15.394617 6.371413 -40.022185 50.586949 0.551947 48.669471 -67.728831
364 2456014.295322 2537285.478226 76964.229088 21965.843587 -42.636162 25.252058 -15.085788 16.037306 -13.510734 -95.178033 -64.195356 -66.615394
365 2410435.906219 2548470.128258 105883.108035 -133827.796003 45.349310 24.921468 4.942410 21.520671 -169.290666 181.603471 -60.374723 -27.366750
366 2651842.643426 2314844.788914 157193.831504 260953.371914 36.133453 -17.258477 -4.035724 21.736230 -104.891761 21.148363 85.233359 -24.749985
367 2380050.768769 2549559.765352 -146630.370673 136403.873404 -52.845062 -8.200006 13.119780 16.115647 126.215033 -80.936779 -107.176375 -1.765866
368 2461121.963632 2499622.186598 42447.557721 15606.280358 16.279570 -47.411917 -4.200844 -17.730674 -263.517694 -481.452726 -157.024421 -46.068471
369 2734929.656523 2245786.244075 5884.821007 123639.385329 3.539650 -19.946033 43.393644 10.841227 156.533957 148.598524 -328.009429 452.803172
370 2513050.459761 2425791.353497 24634.465517 35294.664017 -19.836882 31.156501 -15.213187 -31.448919 220.423444 -152.476360 -25.953454 191.754370
371 2357373.398614 2626577.508686 -102745.602546 -62386.108260 16.271291 32.642041 -35.245422 -19.100373 4.336018 397.428285 -221.878064 -420.851327
372 2526969.256434 2440834.754452 50934.075761 -72286.635253 -32.413523 25.039933 28.141848 7.119207 42.072494 -209.512881 -187.181276 28.060830
373 2438463.181123 2515032.376281 -13184.122442 -18915.825187 -13.906027 19.405839 -10.316500 -45.417346 -68.253935 -55.993840 104.472478 -118.667749
374 2354089.097564 2613112.824389 149550.465018 -14003.788498 0.856939 42.839590 -1.950464 34.462765 3.614565 46.694147 1.282206 -25.015218
375 2086663.142140 2890593.615665 -27178.136231 -80499.953889 3.717811 11.986666 -54.292942 -2.770247 4.301458 -60.626555 303.595211 -96.674170
376 2651059.458514 2300440.639282 -241811.739398 -84704.186449 -34.605219 -19.065024 -24.648033 -3.914229 -47.398812 382.935774 -5.728213 270.545676
377 2531968.900676 2463109.226819 -37644.598303 -53890.546120 33.761139 -29.164504 3.164766 -23.636678 -138.232920 -259.744183 -101.778996 -15.491079
378 2795626.506167 2182709.188047 -107957.045645 -103755.038544 23.274999 2.608023 34.933654 -24.122247 -75.852105 88.051473 115.113318 197.871749
379 2670529.284672 2277735.197019 -38439.541124 -154214.779887 -10.221021 28.907090 31.700960 20.912223 -59.715222 -63.344183 -123.202283 -29.798391
380 2454841.120228 2526152.119760 -158359.064175 77197.533913 -36.207869 44.305716 13.421234 -5.261937 -150.447391 -273.875666 -30.499322 42.333629
381 2353493.979955 2630030.558759 138947.505891 30187.678250 4.446309 -39.966280 -4.493882 -36.534793 99.718451 -78.530544 79.592704 -24.573564
382 1787559.931547 3171319.991940 254296.541990 -190185.575641 -10.940141 22.495636 -48.618205 24.524264 104.663173 -12.935547 151.292392 18.987716
383 2445106.340097 2490406.845568 -51205.870299 -14963.564995 -3.224313 41.404148 8.537925 -31.294060 116.522874 -136.687979 -114.445989 23.250520
384 2314827.810137 2656297.473920 -169574.237052 -85820.327405 -12.855913 -41.047517 23.837062 26.229661 -359.541523 -86.590318 280.104321 -0.223691
385 2214405.207032 2741662.381123 -36371.017733 151067.558107 18.459431 22.089338 28.627233 -37.766936 21.760166 -220.642703 -302.120697 -25.166466
386 2174293.841416 2821604.378067 112398.686330 -92797.065812 16.959265 -17.382844 49.441820 -6.159931 30.780079 31.163397 86.779536 168.618574
387 2673453.669037 2316191.111454 -395709.686200 55715.391860 20.981123 33.448240 7.453334 16.461769 -128.220326 -12.080845 -21.213891 -71.073825
388 2576937.558156 2402101.213674 65492.249644 -56160.362960 8.429384 -34.587744 -29.792634 19.841026 379.707727 151.761047 -159.595154 -297.483980
389 2291798.053316 2707249.741954 -366227.002622 -42822.542472 20.621485 49.065995 -15.040364 -23.740259 414.046862 -42.171310 -192.320510 11.691167
390 3121366.598817 1854709.213256 -77994.512987 180855.799861 9.758970 9.699417 -16.203577 40.807116 -54.431802 -58.970473 243.280990 -371.489629
391 2353831.549126 2572715.332386 -172668.347503 -215307.002232 -16.087348 50.736164 -13.746420 -20.231482 49.090134 -379.738782 107.889523 77.515435
392 2267322.276865 2695240.277331 159505.987723 -130413.909283 -35.288467 14.435710 -38.781000 -12.082965 18.841126 170.300022 -165.337860 125.970124
393 2849168.310042 2124688.633471 26059.240628 47549.713772 6.601327 -1.502543 0.083160 48.127097 10.326200 48.518662 34.675261 83.787088
394 2478364.931396 2496045.958648 -23942.177495 7098.982694 28.568266 43.388953 -0.899897 -6.340131 170.749060 95.271099 14.449273 -62.840511
395 2767020.829350 2210444.854062 -91254.615999 224425.587763 -30.156903 8.973084 -21.585414 -28.608033 161.282661 192.657641 -223.276399 224.462593
396 1577585.696052 3400474.055062 649077.726286 -330134.678725 40.854396 -4.609734 48.896664 18.482805 -405.927545 12.946387 -401.784987 -213.484159
397 2572692.224049 2397813.958069 46306.624626 132552.938964 38.753456 -14.232475 -1.035292 26.688818 203.201028 292.836102 -164.099945 71.851042
398 2560254.521452 2401230.835347 89103.568138 -17422.991907 -29.600406 -14.449384 31.450009 21.473036 21.695651 -91.840745 -113.518210 137.254501
399 2314854.027775 2639584.042036 152174.009840 -231667.071426 -14.289045 48.145057 -27.670576 8.194485 59.733550 54.255365 -22.665566 -5.559744
400 2317567.034001 2676329.853924 37520.388562 22329.503632 -7.306701 -12.859585 -43.226641 -28.111893 37.341606 -67.681823 -82.625438 -111.320523
401 2629407.502201 2379355.021164 -213860.567089 -125303.501812 -41.248207 2.714264 -18.970106 12.495304 112.368670 -289.770021 -89.893658 -173.220709
402 1780544.046449 3176659.865135 423522.438981 237931.068820 30.672327 16.882386 51.026264 -1.841771 -63.631148 -173.472392 -142.248360 -206.471529
403 3063114.594556 1885172.523881 397100.955692 -308571.740122 -24.858704 11.617812 33.251868 7.450534 -81.884035 88.457494 58.847524 -66.279306
404 3149810.857022 1838447.692872 8003.664121 553650.866512 18.960173 20.424740 -24.328696 22.074627 35.871124 226.583193 -201.908804 -31.471087
405 1471440.848427 3456165.582052 -95120.503111 193072.635508 -6.317192 10.381610 60.540861 4.487591 -126.931822 81.201051 534.802324 190.867325
406 2719179.918376 2224375.337056 -31192.606354 8151.611525 -1.606138 -7.129264 -8.427556 -48.370739 51.723476 -70.272732 289.391888 -95.555866
407 1980659.408024 2969637.789181 -9341.031620 9304.758706 0.237487 2.624308 30.527491 -47.431694 -34.935974 -39.834756 157.555697 115.975347
408 2361220.147839 2608555.145709 161002.408961 243743.520941 47.985872 -29.355144 0.962769 -22.257137 578.073379 159.175324 220.877110 -129.811745
409 3064459.933536 1913579.807070 53628.794142 -31383.448396 -3.115202 4.289851 40.855439 -22.375285 -36.479890 -24.287548 -99.479187 -80.482866
410 2407310.502470 2557362.889911 -46281.007183 -64463.013410 16.018189 41.818521 -28.191797 -9.048309 172.818320 -136.533513 20.352865 89.541005
411 2472552.461819 2492067.455211 -25116.392129 -4203.206206 -28.237725 40.242366 7.252983 -17.237314 -167.877813 -139.711078 42.257285 -6.371170
412 2202092.949058 2789279.651126 -1522.442866 13655.445871 0.132187 0.705085 -38.546500 -38.700854 35.659735 -29.706804 -279.611683 -286.099397
413 3335980.881614 1646533.957825 26211.529908 1354.598968 -2.079758 -0.607837 44.104896 8.155109 -54.998154 14.076604 -88.102014 -57.112178
414 1954621.525462 2997112.865382 -129000.536097 39216.097845 6.046248 12.180840 -11.710460 -54.058443 -19.614874 -115.351057 50.368237 297.314316
415 2451767.418798 2489906.018476 14244.938684 -790.100563 35.593787 -13.992837 -26.117862 -23.418159 -230.106889 145.816029 279.656164 154.337605
416 2477644.788246 2482804.197600 6996.789821 10769.349487 -1.182886 6.795273 39.982728 -32.250305 -91.141529 -69.554128 102.141205 452.874722
417 2517383.961552 2472096.205997 -53946.845404 -59987.657045 -40.761717 -24.664702 -13.986509 0.372682 -74.678624 23.136605 -63.071663 46.785945
418 2345850.241613 2634212.169702 165528.452829 147450.027092 9.500053 44.827175 27.289724 18.029912 -127.928865 74.727502 -15.430733 44.680061
419 2412050.272728 2536145.718173 -73501.671885 -151022.198291 45.167409 -32.535097 0.655027 15.938070 -149.273976 -461.502320 173.143256 65.352364
420 2727522.280190 2259009.134486 127485.259744 -215971.358215 34.099742 4.479439 -11.228039 -30.858802 -159.772952 -59.254640 97.712808 151.262634
421 2428364.490904 2567304.077765 -32433.952524 30888.943566 19.930222 -25.921723 -35.794882 20.925242 171.621550 -108.888884 -203.484891 111.098024
422 2464016.230593 2505049.480250 120378.869965 -86214.589302 10.040906 -59.117620 6.709090 -6.537197 -332.720764 258.106053 -58.243751 46.159785
423 2545376.007391 2450436.372692 -109043.503664 -48963.480208 45.454484 7.214429 12.051516 -4.091479 236.212114 -49.600157 109.110682 -51.730546
424 2467034.594025 2447333.870433 112035.542202 4947.689714 -17.342417 -42.495651 4.930870 6.994047 189.177745 178.408834 -63.979486 29.754858
425 1585458.012845 3394097.053690 -472894.692743 -66096.915764 -27.181988 -10.786123 54.049395 13.980581 50.705883 -116.332484 -153.908796 266.311718
426 2719366.055115 2242706.925268 108532.947021 -139189.822907 -10.548699 25.967793 38.252429 -11.161022 -119.205799 -49.730527 13.672149 87.867751
427 2034117.964014 2941851.370757 -58489.647830 -207041.440881 23.445319 2.882051 -20.898998 47.329737 -19.433735 41.146740 39.030344 -80.707226
428 2336637.476834 2615742.385598 -75854.262334 -252272.564790 6.551669 -49.150600 26.941857 11.452978 316.920432 81.876443 -89.237144 221.245478
429 2408830.655179 2585891.592862 -32131.267944 61469.569121 -32.571482 -17.356093 9.656615 37.438956 393.809683 227.278785 -167.592564 -430.739225
430 2568526.245425 2457031.508906 16615.697156 -52318.149091 8.687804 -32.703095 -36.620637 9.773959 605.031590 27.434562 -289.960606 -526.453696
431 2532035.501610 2446190.592171 -90684.426326 -13653.937840 36.077150 -26.962477 13.772399 -15.539800 -92.303722 97.314275 15.230250 88.290723
432 3311749.920873 1672025.742397 -35537.793014 -12850.897986 -2.089165 0.280226 -25.173078 37.437224 31.868700 65.113739 230.907129 244.472690
433 2439157.930947 2516976.038156 -2410.866644 891.508668 6.863201 6.349390 -50.965564 -5.185255 -5.992121 -33.723491 348.453321 -67.411491
434 2241384.412267 2703773.695483 -67891.558395 145645.439399 -2.190001 31.003470 41.869600 -18.159009 7.324035 -68.161768 -99.847878 -49.647259
435 2452603.569551 2493060.371071 8436.594637 -2091.788278 -34.986573 -0.612653 -29.853882 24.337114 -57.712208 -250.493057 -303.296741 -168.288149
436 2704635.348161 2267186.218977 74929.858271 -135359.184885 3.146200 28.489453 34.626335 -19.875389 -59.464123 -54.451280 -26.130446 12.989136
437 2101272.339287 2881094.873181 539353.682149 -336579.227884 -10.938590 -54.334234 12.341384 -32.887549 -372.823191 -248.262492 -126.797132 -210.988173
438 2440215.200226 2552405.317539 -1571.649187 2076.738932 10.480393 20.577383 -46.420194 -5.829054 -74.303766 18.261862 106.728793 -249.112584
439 2169317.479376 2806030.383362 19676.039366 -12926.542753 5.713882 3.034975 -4.565512 54.250382 27.495838 89.589565 -235.021083 314.308328
440 2451472.311125 2524878.411780 2234.670292 25089.756398 -2.870066 28.718893 43.487272 4.483386 -62.274977 92.340950 130.310266 2.060312
441 2458191.629454 2512467.684988 44295.035871 27271.907518 33.780591 -37.755920 6.054584 -15.086638 -125.022027 -98.051336 -13.053838 23.671651
442 2464587.537446 2525391.153806 -62526.564636 -49027.634313 53.847581 7.253464 -9.532887 6.408920 -448.608815 148.447147 99.156899 -93.030343
443 1728951.981458 3272583.430919 -27191.858821 107053.278498 -5.003638 6.621079 54.175587 22.527784 -81.005712 29.774853 151.835556 243.247849
444 2431322.070849 2547867.421116 214606.829172 47728.233743 -56.370825 -11.269798 -17.139029 1.405330 448.866415 350.031692 112.058506 72.830601
445 1811565.534475 3123182.161164 -53249.460248 73308.436835 6.813946 -5.571550 -56.608939 -10.703005 33.381479 9.212464 142.174392 -12.717775
446 3030674.109101 1967891.268464 -27761.552388 -390304.963479 -26.456724 7.210282 7.710928 34.859688 -9.471624 -182.783930 -332.908919 -24.974953
447 2466639.395217 2532602.784000 -8112.558346 152.560390 -29.476371 -4.178657 42.679318 -3.547953 -157.347857 -27.691758 140.117298 1.292573
448 2422400.258512 2531670.479995 -128030.892108 -195032.589669 59.406577 -1.533576 -7.453098 12.522964 -262.465641 -240.904181 129.537642 -21.760377
449 2508042.744435 2425610.555397 -57458.122019 9560.120283 38.029974 11.987794 29.652687 11.560334 -78.963520 50.506041 -1.243959 15.769336
450 2392952.349317 2562133.531510 -53089.291753 11489.077034 -14.861520 26.775386 27.609995 -33.291740 -92.991870 -124.971910 53.883656 120.941088
451 2174010.236492 2777352.760335 -321721.571840 272220.335633 -16.323050 46.549356 29.616528 -18.360159 -90.447993 99.252151 75.708883 -65.915620
452 1630189.560675 3314302.782973 275328.022469 -176413.897160 -21.044202 -6.967950 -35.598257 -44.714002 -59.253125 -246.223817 104.142097 -576.892380
453 2235027.722718 2708339.264332 -160945.263707 -40454.169536 30.217422 1.140206 -45.556207 7.557455 -46.239937 -156.137685 205.903532 216.061188
454 2504593.891618 2460807.208457 19876.912946 -12670.159730 11.478667 32.875381 -9.115905 -36.619520 25.438239 -126.960398 -14.629181 61.571846
455 2458385.050808 2510281.911951 63456.319100 59152.483581 -28.355689 -41.455622 -19.851824 -2.137271 -182.671570 340.276358 25.431388 187.278608
456 2401039.374185 2583347.210747 -169930.854312 -272062.020571 -41.868496 -43.330615 17.591749 -2.904761 -48.564901 35.825890 -31.563796 14.243865
457 2373998.524770 2595962.544560 -71246.192865 152363.010598 7.231380 -45.947854 -28.617723 8.183744 154.710553 139.236875 48.116130 -70.207605
458 2290770.743396 2659467.878228 84916.165599 131808.323211 37.939134 -9.535954 11.155688 -36.957283 50.493252 96.155477 173.675087 22.740231
459 2982674.078749 1975655.018936 -5001.390438 214737.617756 17.026622 4.002305 -8.168458 42.735905 42.555742 -68.633329 324.686269 63.417931
460 2527937.216348 2436888.472013 161107.926849 123942.790427 14.170025 -40.763568 2.001584 9.770466 38.345797 -217.885161 38.584374 106.660197
461 2086376.114202 2873992.656438 336934.115639 -133572.005524 15.550138 -37.062321 28.505357 -32.396323 59.964338 -11.509361 90.845412 70.497076
462 1877617.704761 3096486.837670 -49904.748981 -11240.839838 3.656293 2.033127 -57.396385 0.248855 63.833330 24.973182 -369.602438 -182.161644
463 2394410.208974 2565182.739143 -8101.192206 119790.628435 -34.718578 22.150980 22.335147 27.109963 109.681900 65.795152 -10.651624 -134.768208
464 2071302.734017 2933541.051670 -373954.861796 -399973.225627 -31.407671 39.075995 -6.621417 -36.922521 226.154311 50.568298 -173.249429 60.976414
465 2434114.727526 2513869.529982 -52822.873947 -18298.810132 -28.501650 32.638782 11.798154 -27.892129 -55.732342 -332.394384 68.747878 161.779870
466 2299966.474681 2660610.826307 140773.340243 -55335.056814 -33.976479 11.461249 -40.716276 -6.213804 -160.749231 23.111594 -247.292354 -85.121403
467 2950481.826884 2050644.352600 -52367.132622 11341.519689 4.738636 -3.938829 34.036329 -33.096094 -45.575879 2.632571 -12.902014 326.500638
468 1567356.766365 3373405.251210 -43879.770266 -42814.548752 -3.172310 -1.939293 60.216907 -6.365014 -22.426627 -15.194878 -176.632492 351.411100
469 2425450.064851 2533045.542884 -65320.941638 230257.627406 63.179608 -17.664629 -5.753619 -9.607586 267.093087 255.605319 69.535493 -44.451950
470 2330123.386807 2626460.939609 46144.986930 12576.142220 -0.279965 -19.821819 -13.018541 -47.596330 129.591708 -83.054348 258.679750 -145.231665
471 3257465.018813 1668119.318837 -112370.017344 46406.419922 -6.206834 -1.407403 -37.649838 -23.809025 47.664810 -61.847075 47.107751 -202.998719
472 2503296.958142 2461309.501550 13898.238301 47097.848595 -4.842161 45.644290 -17.315811 -11.243494 227.673382 219.440665 -140.569810 -11.683146
473 2695068.916901 2299391.274028 -179932.937674 -140605.216428 -31.280522 -18.364909 -30.939166 3.997835 81.859425 33.346629 9.285334 17.069156
474 2454868.510914 2471489.089486 688.866919 -7192.031274 -47.019863 22.154755 4.321619 2.853553 102.693021 668.837567 4.799288 -65.444132
475 2441995.107209 2529978.937336 25696.772679 21281.737238 -21.185725 22.188145 4.609037 42.224398 87.922347 -218.520696 -213.576001 -351.375915
476 2649513.939914 2368230.784825 26964.565217 -251333.245178 -35.273373 -21.249531 -10.591556 20.436175 218.669511 283.761776 94.530879 -98.431941
477 2125793.768479 2862435.826414 498815.583242 -105356.740382 -46.706736 -15.699079 -31.652820 -19.742250 -47.891260 616.246351 -194.916387 462.898140
478 1698758.159651 3248462.657874 -384607.619795 -282639.089327 -22.067239 23.410774 3.409719 -52.857010 61.579506 78.376099 -217.708625 -95.574232
479 2490985.442916 2483244.940706 -17168.016736 -19512.696198 -38.630772 -31.309335 -11.048057 1.513683 -188.273899 69.067149 -59.605102 75.438329
480 2688868.438298 2292413.107106 -185907.458469 204628.321744 -37.623347 -8.445477 -13.202417 -23.047802 -36.284999 -198.965660 16.202031 -95.683963
481 2143301.354096 2884645.504539 115996.534201 -105464.003045 22.361619 4.432922 27.685685 42.839350 -6.450538 -80.251718 234.639476 -158.230897
482 2300270.460000 2661363.515879 -129646.591585 -61909.495580 -34.974589 -5.269212 40.167419 -11.444006 -55.709980 -9.660107 -10.576820 -5.540945
483 2480488.696351 2500109.154968 31069.432554 -8112.458671 32.482973 40.753284 0.815940 7.362676 -36.140645 237.265343 9.826886 -14.560717
484 2260808.845261 2701323.131377 188011.692864 317102.845753 -52.614901 -1.287753 -15.440366 25.441362 158.852702 343.033396 161.866664 19.893367
485 1978445.777617 2984699.506330 -56996.211190 24518.145404 0.022555 -5.811936 -27.108336 49.389222 -4.204630 34.778036 198.665763 185.968940
486 1785211.506812 3182667.741113 17585.957633 194309.749038 -16.486363 -0.770535 -9.113572 56.008313 -94.998753 146.981278 301.934785 389.873313
487 2481614.534703 2469246.691677 -41577.859622 4764.683143 -35.437964 -33.934596 -6.735791 -5.816115 72.888346 -13.548214 -26.506790 34.769670
488 2223907.662942 2727777.548087 -3313.164873 -59571.845747 12.465282 -2.197859 11.696814 51.367073 -49.009846 62.892533 -62.297012 -153.929136
489 1994567.600480 2982477.076769 -486605.156212 455629.207467 41.027589 -34.859829 -37.816288 -2.000170 -229.295719 305.758406 303.005777 -13.193266
490 2251681.092971 2705468.013189 -287076.982368 385755.058340 44.672653 -35.456091 -26.768273 -7.949969 227.866031 128.202671 24.310794 -98.076250
491 2455922.002279 2501450.488641 14249.583433 -6842.273286 -31.785890 27.956009 10.887619 28.121383 -87.507525 207.643335 69.660134 67.561751
492 2448025.569020 2500043.491428 71717.410479 -90633.145809 -12.016360 -57.294924 5.877570 -6.584902 295.369602 -20.604797 19.501488 78.954846
493 2384187.941129 2599187.006799 -242478.825783 -19091.388772 39.942347 -34.486621 -16.157075 16.557386 -74.207699 190.886812 63.844763 -52.852875
494 3674394.279069 1285857.596208 156747.492952 -291627.053222 -3.379185 10.505414 39.178274 -9.719915 -10.875683 -75.194646 -287.523565 -53.346650
495 2505307.504974 2480200.296362 18361.234878 41019.063631 -40.234805 -26.660568 5.212327 -4.423792 -31.755973 230.155732 -76.504028 17.385745
496 3006709.509652 1912026.219964 82037.644878 -190344.595330 -14.653086 -8.053221 -1.040151 43.274841 49.839284 2.007741 -195.736998 -39.471921
497 2439083.648344 2546707.805431 140323.677799 -2339.164120 -49.084640 -25.216413 -12.898143 -6.663940 285.006946 -265.628169 31.799302 -47.442645
498 2477035.954852 2484898.882669 -394.622116 42937.010360 49.060614 -19.020166 -4.444005 -10.083850 -22.851815 -14.056126 44.923953 23.386597
499 2413608.804452 2563835.879403 34801.010385 14378.770700 -12.621175 1.900979 -45.372483 -23.378294 62.355264 69.587508 -169.029291 340.205770
500 1963541.679867 3021030.237865 38941.357306 72328.948154 -4.110253 6.662308 26.247131 49.911471 -7.204920 88.139818 339.805631 75.440697
501 2347818.979140 2629709.231932 185663.567482 26269.541014 37.697977 -23.371164 24.073294 -23.110941 94.161420 -147.063567 97.743769 -91.041431
502 2456032.225033 2514034.667927 -67486.921876 54675.111557 47.407035 -20.507129 -14.487546 -7.874653 -93.463062 -363.729048 -25.214788 115.772849
503 3077796.520753 1869300.530660 -345211.207233 556113.819490 30.117615 0.584725 15.063370 24.392756 178.243410 32.364290 155.278117 157.534656
504 1795286.803492 3181705.991704 38127.124646 -31474.801698 -3.611748 -2.164945 -8.493603 -57.724068 26.538176 -49.974757 220.994302 174.149808
505 2538719.707496 2426680.543195 -78159.416047 45701.827619 34.465092 -25.175657 25.354480 -7.595776 161.741652 -486.026871 245.900042 -213.573107
506 3028844.895795 1911727.114714 -21503.479586 21505.035317 -1.871576 -0.544853 -3.340402 -46.887218 -12.116197 -53.804656 -209.058306 -338.708073
507 2768874.403770 2186389.952590 15167.106415 -289312.467282 32.761954 3.602815 2.687244 -33.486597 -111.844430 -2.718189 81.683922 105.112560
508 2550690.039495 2426649.562270 42182.863241 -47776.199465 -31.184662 19.690217 32.848693 11.225624 -108.654391 -16.233305 -9.374816 50.292802
509 2166216.140128 2767856.438954 -124835.446309 480018.541625 -5.440629 53.867091 32.177081 -5.172138 237.905393 257.979109 108.257495 -227.734476
510 2469699.278614 2487446.445557 -2530.369404 -21684.267783 43.262390 27.740579 -7.542593 9.804962 137.679229 64.194357 25.818959 3.456000
511 2653172.238353 2314495.923723 -116579.880297 -87143.328624 27.970959 -11.077104 21.518283 -32.726603 123.362475 -81.316350 153.722979 -146.016358
