0 2372083.716091 2621881.574447 38710.051445 -72607.977434 23.975134 -17.725078 40.375683 17.664978 -118.193814 162.906386 -223.306231 22.166510
1 2609837.296816 2380319.874853 28113.015142 131636.241606 39.122899 1.654325 -9.238148 28.635318 -35.562886 276.222901 -128.675504 -85.813464
2 2576287.970001 2394791.506575 -29212.037566 -76351.586518 37.037718 18.108694 24.327423 -15.745922 -47.772560 -110.301936 -25.150012 -39.843301
3 1735878.094262 3251180.702385 130747.016945 88153.138475 4.426303 -10.376024 -7.024007 -57.829324 26.259888 -31.207483 130.292276 11.866747
4 2434811.959103 2520749.165663 -38328.535538 9363.967606 -36.403571 23.696308 28.942793 -3.431265 114.794849 -30.170597 -129.905231 -49.752303
5 2618227.114277 2351195.867164 -19813.103810 -3846.764753 6.643971 -7.419286 37.267288 -32.525804 -68.562807 -26.507754 -141.702332 28.726529
6 2760642.278634 2218377.337799 -37930.477597 -67447.011628 13.035822 8.680170 40.886567 -22.721372 -12.522270 -142.152147 -251.574276 -256.514915
7 2448662.911957 2496442.644897 337.398602 4897.427421 15.434380 -5.338220 -33.068560 -37.052837 -1.185301 -24.227213 89.014168 85.539881
8 2510358.403625 2510245.033839 -14027.990211 -1576.067621 8.681552 51.358551 1.729451 -4.220705 208.337590 -32.859296 -8.407862 -58.093805
9 2325688.125573 2661718.266172 -86114.404088 -53613.100847 28.373485 6.523310 -43.326401 14.298785 -326.584453 199.207120 365.958365 -552.908753
10 3068969.450558 1882522.800461 54213.723093 -122133.028131 9.416384 0.164673 -18.063903 -41.843235 30.975228 -9.437794 182.060280 -122.722349
11 2480956.481052 2508602.205848 -72306.100855 -8551.212687 -24.362979 50.669121 2.854058 -8.588220 421.318028 520.385384 -98.634679 -117.578824
12 2686102.847102 2296201.757632 58838.908451 -213258.982251 -34.851449 6.624899 13.005746 29.944529 -187.100549 65.438350 22.172879 140.552442
13 2345091.193874 2635665.685074 237572.579038 340869.363632 55.621292 -24.532028 3.872755 -21.575913 308.015909 246.258750 176.180012 -24.630343
14 2460879.197359 2510418.164931 1738.257751 -591.146300 18.252870 9.930753 47.032907 -8.197414 -264.210125 178.833076 -106.404503 637.354897
15 2186134.527627 2756155.526718 62448.061721 126563.814383 6.548579 23.524782 47.104224 15.114232 49.398137 -18.728313 52.844650 -210.538297
16 2532629.552015 2473688.157631 49111.486433 -27168.350510 -3.048834 -48.647851 -0.922777 4.099510 -170.549563 264.941165 17.062897 37.252874
17 2297322.672593 2672847.163972 21852.194929 5685.956623 2.151173 2.126571 26.566292 46.698652 -46.614108 34.235595 -329.365281 -263.523490
18 2450394.052227 2508396.666444 56159.368454 88279.589930 -34.018633 44.817111 3.012410 8.996354 21.706606 152.373338 -5.604897 -26.617371
19 2099884.896205 2906916.736790 -50528.454963 518465.655234 50.093148 -2.521127 -5.528660 -36.627257 -160.279012 -41.681602 34.675174 123.538744
20 2421279.042543 2554973.466938 15904.624229 17718.935508 -4.380372 -33.730505 -39.796149 -6.205282 -106.338890 -155.111899 -221.767866 147.846572
21 2553843.703703 2406349.617496 -10955.600939 -21718.764828 10.757200 -10.213847 -16.061943 -46.355972 -6.159206 -26.329656 43.742231 107.388346
22 2069096.870313 2852516.665218 315183.841629 -259222.200838 -17.683312 -39.752968 10.345498 -40.090454 231.546902 -66.285914 186.668273 144.088585
23 2306767.065782 2655888.132394 -91365.435140 2439.710497 -27.301598 13.476000 38.384424 -22.660976 140.834902 48.718271 -290.137370 -94.809750
24 2279639.667634 2666364.957251 107463.896499 -177555.139796 37.957649 -3.458823 23.029538 33.028428 133.435987 536.435956 -352.286180 409.471024
25 2332875.455780 2608268.331414 310863.803868 79365.433569 -52.339718 13.505791 -22.278335 12.195672 126.828600 57.446332 16.229553 -0.912469
26 1755596.258900 3184769.356556 110549.973735 -106845.262728 -10.025987 -4.557900 -24.957610 -52.355856 -80.665549 -9.851006 -513.982568 -212.097884
27 2483397.602000 2501493.744216 9944.437515 3665.521948 9.413112 50.645703 -0.951782 -1.381133 -533.304614 431.253720 19.676070 -71.220160
28 2489843.528775 2519977.194453 -15933.419854 52764.269395 -52.013836 25.552438 5.494346 4.228472 -119.745222 -362.331751 -74.185616 11.564080
29 2493808.559975 2461413.792120 -24476.699024 72415.370886 -51.139468 -24.308103 -0.623568 6.144265 108.961550 -44.129565 -51.416649 10.810336
30 2451820.663343 2507419.265068 96245.885341 29393.612779 -9.973359 48.145729 -0.353411 22.933565 118.974432 -63.222884 37.883307 -92.940811
31 2474912.353911 2522197.362471 35160.608739 -45324.014799 -55.226596 -5.357817 -3.825250 -5.021797 -253.380946 -195.337111 -51.541240 -31.569797
32 2530519.830936 2454170.247064 -50671.439919 90101.290277 -39.756607 22.024507 -15.690537 -11.112160 210.740319 77.423415 -42.592388 65.863737
33 2437199.520436 2528268.144335 -113801.152358 -49962.402302 -36.709707 -33.459337 22.152515 8.296782 -256.237044 -170.759894 103.502976 66.618974
34 2451108.723195 2503851.606335 157330.273613 -34214.460100 -44.744348 -41.913822 -5.830637 -7.345034 -123.935929 -241.009327 -45.359160 -9.260964
35 2786258.610973 2186206.921191 138160.044671 -195804.767862 -1.919586 28.208699 33.491078 -19.323519 -23.465584 -244.741193 -266.445682 118.318621
36 2490855.157824 2481561.309877 2352.090311 46567.432990 -52.474450 -20.739270 -2.509381 4.886481 96.839134 173.664046 -26.572337 9.789099
37 2468585.019619 2493848.828605 -26563.299798 -5908.275952 -7.844814 55.333244 -0.901942 -1.890852 266.686738 -215.608894 -10.614284 -35.376784
38 2721138.989272 2284770.080957 -56574.845264 10107.873821 -7.497615 -11.698929 -14.082054 -45.831760 36.474025 -2.452641 19.087405 188.570418
39 2468535.860423 2514317.639104 -92777.881841 7101.090898 -53.580272 -4.634187 14.005262 2.947509 -63.281616 -231.416086 -40.539631 67.476967
40 2186774.854704 2836655.067310 6166.929179 125819.299121 20.903487 -5.650440 -17.912052 -47.531377 -191.946981 -40.691346 68.202713 489.762558
41 2483978.284838 2494599.344727 -9258.594597 6546.885023 -8.189146 43.627721 -16.992884 20.012838 -139.104817 -97.235661 -54.140969 -150.257336
42 2481161.684556 2476773.216667 -71297.014535 -28992.911148 31.011366 33.320714 5.490534 0.723484 347.156977 82.223488 79.183596 -62.423584
43 2465127.261724 2505284.500828 -45582.571518 -22078.239401 46.223344 3.234875 -24.234966 8.448569 -146.303647 13.857279 129.335159 -43.057685
44 2348365.455757 2609213.614568 -111026.623682 163177.152321 14.970401 42.750394 16.611049 -27.301561 -38.382922 205.997911 149.138525 -127.316265
45 2447742.067372 2523149.356593 -48639.143866 -62453.295040 47.289872 18.057381 -16.663534 8.747281 75.034713 -160.863115 76.034859 41.529131
46 2402265.784338 2541908.437735 109369.613620 59145.625059 3.367576 -48.593421 -14.295139 -21.352671 13.792080 121.463043 48.810340 101.269433
47 1484254.458768 3504688.675836 -61105.292676 -249638.073298 11.819354 10.186562 -49.562557 34.045790 -24.159334 -25.590455 249.620970 -177.418739
48 2789512.086050 2196071.607721 -44984.270011 -183640.297438 -7.080418 -23.473165 -41.712348 2.987665 59.728701 282.263613 460.395017 111.363581
49 1659675.650741 3291253.247492 12206.648742 306005.479175 -20.344504 4.276402 10.159347 56.307987 32.535336 116.597031 196.761484 -106.914276
50 2422386.252634 2561826.422518 -35095.937038 116228.182167 2.700709 52.618766 15.384216 -7.889273 56.468331 63.792141 14.108594 -76.453549
51 2550385.586348 2419105.443548 55738.813732 39893.472108 30.836548 5.347465 -33.975298 20.824313 -198.049595 135.682870 159.857135 -310.960329
52 2490682.089536 2482322.205338 -21450.683749 -6192.239593 41.687148 32.550759 -4.811505 0.185463 -32.768699 322.450734 23.406615 -55.639539
53 2457950.475363 2542534.080150 -109955.186190 -88905.122999 51.072862 26.423108 -11.207498 2.266856 -92.679868 -4.676261 56.480586 -32.308260
54 1304728.304349 3659053.380539 -94899.967132 204069.854969 6.311282 9.937863 30.694402 -54.619232 10.804545 -54.640557 -160.927663 -105.845064
55 2543477.575535 2403629.138585 -113341.307424 -24854.408442 -33.550609 25.838521 -13.030559 22.282573 -132.432771 -145.815364 -158.525267 -90.763519
56 2426421.480554 2561639.673717 -52047.260395 -37716.110453 -34.060416 20.223416 3.592403 -34.879755 209.089075 70.351625 -218.679193 76.857666
57 2282286.900569 2652980.733010 -134401.921540 -98490.803371 -6.662278 35.507772 -14.967503 -38.786524 107.178897 -29.049284 -101.051622 20.140807
58 2561511.738436 2429933.026190 23710.694664 -149077.843091 -7.463312 42.719756 21.983739 5.298266 -219.667122 259.775347 117.239745 61.832443
59 2465473.519749 2468237.471668 -34250.724192 3093.319088 -40.332829 -27.949449 -8.444901 -5.498311 -174.501892 -171.967103 -81.880863 -3.054232
60 2335658.463667 2637950.951139 -22910.542356 237824.760681 31.761867 -37.343778 -23.665654 -16.881066 47.245472 -140.820756 -50.045621 20.973855
61 2258551.572065 2743533.865638 122631.453798 -52643.409505 18.838399 -14.808138 48.545069 -7.865454 -69.060031 -182.080972 145.198995 -326.238870
62 2461483.864101 2515972.478968 -6615.864987 25565.290445 1.511241 12.782763 39.057385 -31.733326 -169.939675 -70.950982 145.709804 502.247628
63 2770454.877387 2154000.889728 464400.372641 11184.231205 10.596599 34.555480 -7.137574 -23.718120 -143.476883 -131.770130 119.660258 19.685871
64 2445283.933627 2487136.592017 22441.560046 -40197.288784 20.404795 -38.985009 23.651612 16.632164 253.469673 -211.387304 144.353189 237.380924
65 2861030.952783 2119246.220203 12911.462831 -73457.453990 6.756414 -5.950346 -34.385321 -32.770984 25.814334 -31.538551 46.492889 76.246201
66 2479840.554306 2485344.253752 97590.213595 73641.488040 3.275403 -42.663319 2.395829 4.640625 -10.843310 -237.227383 21.149900 86.599689
67 1986456.595503 2980674.420468 208720.487171 -467133.036343 41.119311 13.656669 3.904811 43.549248 57.703692 -66.779273 143.916618 6.974105
68 2043550.631020 2905346.689288 -56880.043908 -399844.395761 -27.847042 28.952061 -25.823812 -35.141133 240.415173 18.869484 -111.030433 205.450326
69 2555328.640325 2418914.759794 6775.723812 -16734.634192 -10.338266 -7.835572 -22.911774 44.049303 112.404327 -19.541829 -311.266330 -286.326592
70 2258612.248589 2773754.186448 150408.020878 -396269.667130 45.348958 -25.817778 23.715908 20.648554 15.713431 149.259937 -36.976457 64.161223
71 2437606.887300 2551947.062272 245901.068710 -483.182989 -8.536908 56.868471 -2.337931 16.524097 126.786161 -310.412577 29.090138 -136.634761
72 2348605.396794 2616108.264467 -40184.613645 322907.753706 52.293881 20.583385 6.098261 -22.011580 -206.479748 -163.153140 -12.651776 72.865339
73 2261342.470244 2665423.468859 -269570.011555 84387.122570 46.313785 -7.579037 -33.210485 -4.028204 183.330419 193.675456 -30.405413 -159.801056
74 2686272.668404 2342680.866007 -17156.836940 -90683.288227 16.390110 -18.273006 -23.167133 -36.875349 117.884393 43.635663 205.114878 -98.222403
75 2260841.563385 2684875.509883 -194074.220040 172467.132869 42.072651 14.021699 -18.155619 -30.133341 109.837584 84.570533 34.836250 -126.772787
76 2367030.741349 2581068.587076 167741.512292 172682.210885 -49.252399 21.137730 -8.736819 21.257147 49.700414 37.949455 -19.493813 -23.084894
77 2648461.601574 2360137.479066 -178479.308812 -11585.074915 29.035294 23.123651 26.039366 17.865324 155.351417 -180.987855 177.545814 -208.123021
78 2605632.199093 2333048.315723 -32427.309926 25753.188953 -13.320583 -10.976965 -16.367011 -44.373388 -18.305247 59.112571 -245.177648 213.694597
79 1216436.575905 3756178.846294 64246.536285 131097.621346 7.607508 -2.871641 6.764950 -63.504019 35.727652 0.711125 440.715804 -131.246832
80 1818334.864672 3138024.827898 -12089.038780 80905.120500 4.816785 5.428688 38.675716 -42.804921 -105.071281 -31.835118 86.314128 580.833391
81 2531124.849279 2489876.998334 21397.769623 -49210.042082 28.920006 8.886717 -15.713217 -38.197320 23.880251 144.632254 216.730396 -176.722697
82 2530713.342248 2428713.666289 70843.302324 52560.554511 19.670982 40.789130 -17.067721 -12.341013 -259.659406 264.205235 73.625981 -219.005878
83 1567362.395784 3443117.861682 -130980.011600 -49316.597508 -7.077775 -4.987321 58.894497 12.735549 -21.954977 54.681945 -261.689157 -231.107803
84 2600489.485174 2335637.196850 -17197.381534 1783.703522 -8.782293 4.820949 -46.517449 17.449817 57.985244 -46.741727 82.396776 -317.560227
85 2311672.271917 2639970.081993 6236.142351 73193.105088 -4.297536 26.217661 42.759061 18.536940 -292.281349 90.128010 11.791755 435.916004
86 2532293.876701 2470710.995806 21354.394482 4221.531967 -9.365314 3.304362 33.083033 -38.248492 -31.711189 -26.541991 -48.102214 -52.722499
87 2276096.620150 2676857.661142 -95126.051055 57663.398095 -19.459585 11.760879 49.159897 3.687903 14.620316 125.505051 30.736119 -301.252566
88 2594407.740476 2378412.235268 -14516.462046 46986.756313 -11.250784 -13.652036 23.807599 -41.113912 118.316440 -56.052162 155.326334 362.499037
89 1619541.965918 3356081.614027 133255.110706 281140.361806 -13.827293 -16.039790 -53.990118 19.408730 -135.697950 -63.052753 -374.084586 378.218464
90 2381451.486119 2635309.878702 -50349.353688 -38173.449078 7.422986 -24.794350 8.350812 45.683148 116.314337 29.965305 -180.549064 146.469777
91 2252477.156330 2674143.392111 50348.105997 -217265.796727 33.951238 -16.500570 27.761236 30.162995 -77.267781 181.910625 -149.263511 7.555045
92 2221452.361640 2723376.981965 39112.739248 195749.906680 -29.078776 -19.133171 -28.637239 32.180012 369.589458 81.170609 101.060394 -395.563304
93 2261984.665966 2760999.809707 142395.374112 -478247.272217 -53.941364 -21.187241 1.802799 -27.471913 -196.787375 79.725500 -107.677016 -60.593126
94 2604216.072330 2393356.272381 -12162.666277 -53743.342450 1.760416 20.290830 45.475998 8.674186 -44.803144 -183.492602 -417.663182 -146.787599
95 3190208.520231 1778779.496810 249192.710198 -1783.129258 -3.025235 14.673682 8.632552 -41.787347 -37.110809 -63.858160 69.378994 6.129089
96 1695780.666304 3278415.925731 235798.190671 -300901.998982 25.981713 -1.625391 36.514567 41.706513 -25.037478 259.238647 -366.671191 301.203268
97 2278340.842832 2693268.287736 415822.572485 -221949.604913 25.353120 53.818261 -0.438821 24.823263 154.736242 -120.555776 99.427007 -57.469366
98 2458719.076817 2498381.923340 6634.990994 4703.424361 24.776898 26.885215 -33.329855 16.104337 17.347860 -19.847113 63.973533 -31.443202
99 2533316.241463 2418364.219935 101903.118111 -28619.489927 32.658971 -31.025190 -16.608771 10.208475 -536.188511 117.984739 280.875446 39.222480
100 2150464.614693 2827335.689760 -27888.651497 35935.100350 -0.988199 7.687893 51.638239 -17.494991 -85.796255 -30.015667 31.015363 290.826360
101 2415766.442300 2535814.261544 65991.444814 -70302.641376 39.225840 34.208086 0.535707 17.732053 254.382448 -72.221117 115.929671 12.907346
102 2632734.868807 2373199.520196 6936.643190 -87828.670456 -24.724946 9.813973 14.037799 40.287424 -141.668424 -43.668395 -173.594232 186.726999
103 2383373.068194 2557042.094418 106571.636165 12577.042821 -50.095768 3.345513 -21.612219 4.737192 78.785777 146.801630 -9.495249 55.248562
104 2744575.782220 2235025.337441 153235.108776 165228.079733 29.217037 9.081529 -33.037868 17.239865 -253.039433 50.299827 259.340513 -286.797489
105 2562216.964455 2390222.946299 -16060.611510 -25278.158341 17.859720 7.862668 31.330808 -35.297526 12.971935 -51.551460 17.031898 -123.570931
106 1588704.733241 3411757.836754 -348613.216613 41298.111913 -6.740210 22.066540 22.431675 -52.657917 -51.099400 48.351351 104.722179 -217.283084
107 2031157.542759 2919667.926722 -35148.020394 349346.979672 2.684104 -35.464072 -46.732915 1.092469 37.822952 -51.498045 -66.559104 32.605809
108 2628268.823026 2343327.463955 15873.094091 51801.518262 3.274244 -12.911248 45.284385 17.287611 -16.879262 75.060027 -214.548340 102.972867
109 2328262.529793 2659422.295376 106868.906729 54560.174100 -13.995450 -31.900747 -25.727996 -32.316261 -122.204190 134.738837 -130.175743 262.233871
110 2275497.310713 2657381.617249 153932.290882 -5746.083773 20.650713 -26.031181 29.549429 -31.600641 2.548778 -102.220106 64.401203 -68.987907
111 1795914.224660 3140904.242533 -68439.614957 231152.189818 -13.502113 -15.329368 -29.982574 46.906963 8.382379 6.366830 -76.642065 72.031426
112 2408829.894212 2557825.082844 49386.127280 39713.629262 -30.924199 -20.799369 -36.459943 -9.385211 -41.601302 33.087553 -88.336646 85.799466
113 2476918.449537 2507058.066421 24545.106176 -54876.038348 2.834200 49.605439 -19.070955 3.395396 -97.042229 198.088333 -78.089002 -82.418773
114 2659561.402575 2282899.205563 -293.615552 2418.197457 0.175346 5.627667 -39.229776 30.820909 41.628865 14.933212 127.064715 -101.884749
115 2507759.228561 2475980.782611 44967.928948 26137.482273 44.003940 12.325937 -2.772006 0.860097 40.257977 -271.551337 63.879788 -0.000239
116 2723604.245788 2290822.696724 16218.086523 161695.995924 -0.604069 27.875903 -40.731030 -0.226344 74.101093 -196.378919 286.494412 7.196206
117 2382423.685529 2638933.745694 1262.043626 5768.261635 0.281991 3.219398 51.014725 -13.876303 -59.110229 -27.940535 -205.821589 203.815609
118 2446366.190471 2482304.109265 449.901585 -13263.109291 24.326462 43.980184 6.715613 -8.132299 -78.135283 -252.148356 -17.323818 -12.168096
119 2405992.096914 2543028.240464 -134153.437054 -234391.710572 39.310439 43.466591 -17.391920 4.187267 -99.587237 237.140740 -18.237162 -95.359504
120 2483716.849734 2478335.052221 13770.321313 9963.607763 32.597437 -42.798368 -0.843106 -2.400471 -61.863097 375.210464 43.498691 51.962103
121 2137915.849993 2825803.215284 -227580.464715 -7616.157004 -17.027536 -24.373319 30.171198 36.602342 -120.001568 10.975460 137.656725 41.464858
122 3393336.129294 1605178.253092 78683.923970 -215340.358648 -6.915035 8.446518 39.046415 17.742892 -16.204219 106.935786 266.366557 -236.886637
123 2159792.669653 2820438.236561 159209.547950 271699.261224 -11.255063 37.996473 28.200518 30.863108 -35.127357 99.964819 51.916280 21.120741
124 2583201.501367 2429001.654235 5988.212628 -83743.038242 -26.486970 -32.313445 -22.319179 15.923333 229.470990 -1.335223 -31.600341 -100.525964
125 2283346.368595 2687357.438226 147410.240892 178990.257870 -17.918118 35.336582 16.951233 35.861916 109.515948 -60.405294 -11.250732 -184.230836
126 1882247.956926 3061447.177502 542458.570885 663.337737 31.460836 -28.988278 33.001349 -31.840099 -13.083468 -97.838335 29.795784 -61.933815
127 2215086.671845 2729374.644061 -36744.096124 50844.372564 -10.231676 -4.841239 10.888716 52.073432 35.354144 106.087761 82.469944 -331.854501
128 2146772.979228 2818901.607972 -201741.454084 17589.789594 -18.822107 -23.412706 24.225050 40.757463 -218.241125 -143.344195 253.193790 342.125520
129 2437926.508879 2497945.796289 -119744.341065 -102118.557428 -27.147415 52.795721 -4.273703 -9.441375 -96.875010 111.862648 -25.497163 -65.667636
130 2091936.324206 2876552.599559 -114830.185823 -268816.058860 34.765096 -10.602650 -4.181291 44.406846 -200.069254 351.705179 -235.126445 -369.565785
131 1531697.679738 3405376.938392 -45212.060570 116964.789492 4.512263 -6.674485 -58.707911 -15.015643 -9.856494 48.677887 556.608012 222.792051
132 2503555.518853 2498659.673309 -28814.749328 3480.172659 1.462808 -57.253927 0.753064 1.866441 29.432485 216.640364 -2.777734 40.361970
133 2179643.278356 2817674.272145 189145.968104 -101825.043350 30.420843 -15.824205 44.459051 3.464383 98.910391 289.757420 -20.612109 424.013012
134 2269812.052759 2664329.163605 -234797.937335 -167242.999586 -36.119546 -28.269716 34.346930 -0.486078 0.028754 174.589131 -128.219594 -65.666807
135 2443131.702678 2540288.531640 4466.317933 -134258.544961 47.928706 27.437145 -7.281358 13.164247 -182.611404 96.349318 15.282850 -73.542841
136 2124031.499087 2866125.382169 -25501.944950 102284.526634 17.096974 -0.425773 -9.329827 -52.207798 32.235581 -103.780118 -176.067327 -46.187288
137 2616271.551252 2326981.067185 -6283.405471 18781.568234 1.386701 14.143959 -46.205155 14.400698 -28.069466 -6.907280 22.092202 -286.679883
138 2475474.434479 2496766.734230 -32201.265476 -8658.155295 -41.993678 34.195217 5.970074 -3.426453 -8.702286 -329.401747 -44.179538 10.144526
139 2424281.528187 2555239.077306 57351.672379 -58845.594281 0.507832 -42.777728 23.967228 -21.736832 679.328216 -107.806536 410.147625 383.820200
140 2547068.025761 2455361.024524 -72485.526417 -174305.962123 3.632647 43.754467 11.365318 5.189900 392.446286 79.646996 79.471688 -147.350087
141 2459651.727218 2557038.767376 -174821.916698 -7738.510968 -56.305917 5.077145 14.633804 -0.899468 -654.945549 -163.279057 121.201968 42.902261
142 2081279.982858 2843549.822399 -122409.101512 -22060.520937 -14.779199 10.260805 35.485685 -39.215504 15.516734 -2.232989 -165.709274 -68.513518
143 2487073.481617 2508908.395542 985.322444 -23747.172348 27.802089 40.702388 -0.302628 18.048191 -19.312453 -17.721853 28.747466 -54.430523
144 2408210.657066 2532456.685507 97120.485724 38539.520963 6.923609 45.251245 15.285602 24.152266 655.930029 -95.794847 360.120696 -277.022508
145 2564312.369319 2448251.045628 79541.594409 152830.486923 22.010524 -38.107153 10.348231 16.905046 -142.997626 117.351812 14.867796 -28.914734
146 2211535.419772 2806520.925013 -247922.077863 -18525.413298 20.112803 31.525865 -27.622056 -32.013201 98.710624 103.862571 -88.636047 -160.823574
147 2781729.532311 2151749.773105 -236244.759667 183498.440881 -23.505884 -22.351136 -4.055848 -33.469253 159.268211 7.836135 62.415085 168.779956
148 2355973.603591 2578316.018425 -18813.883912 -18155.371765 -3.746812 -8.956661 43.330909 -28.724062 -25.251462 3.796496 -152.280673 126.533205
149 2466371.182692 2510581.378954 10438.389921 29104.268445 8.876875 15.409018 -9.516126 48.027547 -112.906387 129.034126 -392.371251 -68.094493
150 2421749.343538 2554732.894977 243232.588105 95384.841774 -52.049142 -25.889469 -16.951577 -1.221489 202.939182 406.426356 58.602958 107.979803
151 1746846.099807 3252022.633399 418595.854903 -136103.109311 -30.956931 4.022360 -52.077937 -8.777294 129.524050 -48.334301 148.030445 -25.352911
152 1924615.862129 3090440.838631 44627.741499 -63865.583923 -0.990866 -6.944248 38.030370 -42.501385 -17.951079 -47.386864 146.817090 19.841255
153 2894857.015396 2041560.764871 11263.400131 -81022.111268 8.242703 4.247991 15.208803 -44.670491 -6.762823 -47.210748 25.198316 -63.445526
154 2032830.614344 2996831.954322 272697.250948 -59362.649746 11.638385 -25.606874 30.915984 -39.614026 -126.838036 -184.328944 -103.724527 -286.139906
155 2260054.784066 2738503.894039 -2418.365285 -29777.328025 -3.308345 -3.724081 53.686152 0.854606 -70.942599 -8.092464 222.656525 -100.989967
156 2246095.662654 2747018.792492 -419304.191007 190983.196357 -12.953019 53.154888 17.853879 -23.797896 349.532508 -72.438802 -201.866091 -86.367310
157 2555194.649069 2431368.360973 49853.577103 -121697.489773 -36.224613 -23.806782 -4.230313 22.370518 -15.204528 -41.378134 -68.834483 49.795376
158 2506472.710815 2449316.076892 94744.037104 68386.438059 -3.993505 -45.976024 6.668456 9.851184 85.651016 -75.032257 -14.912657 85.691681
159 2680498.496652 2292311.957521 22138.951136 9174.906965 -4.108757 -1.930884 49.348494 6.912146 -83.743256 20.645021 275.021138 -236.321826
160 2698717.257228 2257380.284671 -53746.835006 125546.749003 -11.561876 20.839510 -42.926759 -3.491212 89.850196 -71.551866 130.050001 -4.119170
161 1743291.839911 3249081.016195 258326.432369 -38514.067824 -19.655174 0.694374 -56.017758 -7.014125 34.491433 -35.816368 -22.526431 -90.564811
162 2183515.705497 2778568.340850 -52668.825297 290451.995362 41.801255 1.371176 -8.729153 -38.207924 337.845432 22.621992 4.166045 -313.664168
163 2325885.306433 2608652.067195 -123914.758003 -271344.651305 -5.705988 -53.063833 23.768604 7.115645 -121.313427 -5.988014 19.037392 -0.814399
164 2488018.520250 2474239.798064 21324.888780 6515.245253 -42.592088 27.565783 5.457760 10.903285 108.900612 110.459893 -15.228953 -51.888416
165 1972811.029232 3020612.398608 -488680.396216 74714.234704 -3.847361 -41.071122 -1.701518 44.952035 136.306886 -147.882593 -174.547868 205.330314
166 2488914.956230 2508220.489936 20421.473373 46822.079505 51.447065 15.070761 8.233640 -7.494154 154.728611 619.011310 174.632326 25.371982
167 2459340.099331 2496946.823435 -22103.569791 -66698.756930 -7.910542 54.006394 -9.112866 -2.012706 249.445398 53.127391 -19.265357 -6.857855
168 1908146.008512 3046084.961963 -256008.205134 -105314.523785 -24.676703 -10.625197 51.918335 -0.968914 63.496351 53.444425 -246.333276 -3.885583
169 2339316.988736 2626932.144627 -134614.602243 -128636.327450 -47.812172 5.023670 16.548127 -23.319612 123.188911 518.506405 -335.523519 -154.629069
170 2517714.932946 2455288.531010 -79049.493157 -40221.698838 -28.086487 37.718016 -1.208799 14.555320 -91.479649 -37.210813 -64.376233 -40.646188
171 2464742.654545 2475799.229860 65698.782712 16211.689976 23.508109 45.107708 11.336851 13.786887 37.364955 82.744032 43.250805 -21.173182
172 1754383.818263 3215711.703179 -559334.950645 517506.397948 -45.846776 12.552322 40.645720 22.993825 94.652004 -233.839674 -282.436281 82.512658
173 2468846.096147 2476854.868096 33322.859591 -44950.725071 46.435455 -23.786023 12.329063 4.189277 -200.615052 -361.422932 75.789441 -75.237956
174 2512784.310922 2508365.210817 -39025.344188 -21210.945592 52.477470 4.006718 -8.193449 6.232867 234.006275 160.337056 -4.103962 3.072936
175 2121436.279958 2844633.396215 12794.918741 44287.213279 7.161901 -3.157104 -7.347016 -54.189829 -12.634882 -95.428708 -350.766771 38.871120
176 2518947.439582 2465495.998898 8567.695165 10454.047010 5.199497 50.102540 -7.467468 -4.606980 0.230779 -39.329233 10.913861 -48.886565
177 2709752.924888 2296190.237669 243332.620920 122831.257184 4.074739 36.108737 -14.762500 -26.303716 94.615761 -129.273978 -22.375402 55.858428
178 2537112.120800 2399869.265732 67989.540764 5604.480486 21.053603 -29.170537 -4.634914 35.685693 131.327472 4.038259 -73.713472 119.577316
179 2353783.777540 2607579.072744 131060.115786 104948.457087 47.089510 -7.739914 20.180005 -20.549007 209.128379 331.030565 275.422698 95.872011
180 2545238.689890 2419360.711077 24944.233670 -173453.570147 2.263541 -44.504432 -14.295057 1.277830 152.538402 -149.221819 -51.378678 18.322507
181 2485187.016336 2501392.903803 -11991.469580 -11034.946041 -31.503434 -5.492626 13.318173 -38.793800 -208.919536 -175.388475 181.497344 -214.764700
182 2403837.151546 2565241.101989 159986.130600 302238.354006 -29.876927 -53.616373 -17.774749 0.974730 -558.060307 422.876718 17.993909 237.498240
183 2440362.472339 2525322.507061 146268.560485 6548.597243 54.703529 -7.578455 13.564131 -1.768157 -2.431449 -33.491833 47.694661 -1.618480
184 2198316.124876 2818587.944892 50643.347310 -13809.674303 1.796410 -5.623486 33.219938 -42.723016 -43.149269 -34.241868 -124.599477 2.934090
185 2251736.113350 2711802.084620 112301.917856 -94953.421456 -27.948095 -9.385319 -27.561604 -37.127384 13.217668 -96.402755 16.946068 -83.201425
186 2726863.690986 2226459.422851 391346.871952 -121612.398085 25.213900 27.482026 -10.500438 -21.321811 122.726227 57.757273 -15.975862 -110.422148
187 2360108.955546 2644019.076376 -50023.162645 -85122.363210 26.142582 -18.410125 3.534237 43.082864 -65.361876 -208.951422 357.051561 115.478392
188 2017645.099347 2944844.240379 -1681.283845 -9658.107341 -0.955508 1.215455 -51.405568 -22.678789 43.451957 -9.789592 -338.456339 74.117344
189 2442824.824659 2485346.345313 7089.238944 110726.599899 -11.570622 54.704916 10.518990 1.517199 -238.162515 394.356322 67.793888 -6.761209
190 2786266.805263 2172830.294680 206753.819590 -68512.287100 -25.592336 -5.011187 36.014678 18.045572 -211.527150 -38.108675 197.849058 164.039006
191 2201315.331672 2739477.350419 104917.015116 224722.151530 -5.502087 -38.202812 -39.736254 -12.751937 389.999721 -167.722874 11.828999 -389.548168
192 2680203.499373 2266718.681211 27902.435306 -98493.241714 -17.283948 15.650251 38.323602 21.356606 75.870878 199.575062 224.393686 -333.081443
193 2495799.823570 2504913.197552 -41117.098244 -5513.610532 49.884111 14.424020 -14.264389 -2.676359 13.207179 117.141442 42.933135 -46.619387
194 2487201.863180 2474941.124842 -91293.155566 -21882.811997 -10.529295 -44.095901 -1.447448 -5.897459 -85.911009 216.009075 -25.100927 86.696524
195 2270549.528975 2704916.700294 -119018.927081 148991.750885 0.316157 35.032080 31.723848 -28.995865 -49.608925 -71.808217 -24.213136 27.382681
196 2438227.573002 2470061.635607 17010.471980 18011.562585 -32.933568 39.356526 3.019211 13.458955 411.284123 -257.305422 -21.348686 -170.002992
197 2368966.947774 2597151.825802 128057.278145 41654.909994 -24.274220 35.521251 -14.348052 30.212966 197.041571 33.749536 120.135381 -49.501533
198 2473894.255195 2475037.413947 34708.533448 -368.756551 -25.536320 -41.547164 2.183939 10.736258 202.539160 -131.809657 -81.775873 59.166991
199 2490667.270260 2512383.619543 1983.200949 -6222.873350 -39.564779 20.353728 -22.474621 13.876100 193.569443 -162.194889 53.318545 -132.593345
200 1762492.021374 3228225.282280 -373155.611852 -17546.895593 8.596263 25.943797 -17.455547 -51.196848 74.968060 -178.531207 -114.369177 261.206791
201 2478965.752297 2502408.564678 2284.537891 7276.005246 -23.974822 46.023250 1.374671 6.939499 -216.881940 -221.274139 -65.876613 -50.996189
202 2533699.073738 2453606.473849 -142719.130414 -54775.398651 40.453169 -20.726709 8.219831 -9.894545 -387.315899 -132.124995 -62.833384 35.694117
203 2434152.591458 2532799.655066 -213012.617761 37565.971145 24.042737 53.881366 -3.243049 -13.974002 272.247397 -13.966149 -47.056019 -50.894788
204 2532456.291730 2465757.760431 1995.638891 747.864280 11.513437 -53.159100 1.451978 -2.032213 -184.238170 -3.051530 2.751594 44.839146
205 2622585.513324 2351067.168259 -15505.727346 12152.330435 8.380892 -0.465597 49.971993 0.079865 -48.425495 3.834632 30.730574 24.110172
206 2558243.892509 2442014.895524 -43111.776189 -104560.096393 37.452115 18.798460 17.962244 -19.924407 -21.807483 9.081503 59.252236 -13.783613
207 2284422.530254 2670442.451109 -375132.619798 194251.240801 56.359331 3.715334 -23.516383 -13.212351 111.645978 340.325343 69.520497 -172.759658
208 2358681.802747 2590889.552031 -38565.032548 -77064.358284 23.940110 14.721554 -40.898490 19.889451 124.149911 44.254319 -86.785077 80.908147
209 2499093.119721 2489575.643946 1604.109890 -14488.081280 -43.409375 -21.525333 1.233605 0.088014 -707.465711 334.197811 -36.248054 9.911460
210 2516879.523220 2453704.963036 -41897.979480 -19847.666833 42.385060 -14.572304 15.163835 -18.017645 132.910313 -29.582521 108.639351 -29.731929
211 2135424.986785 2827467.417597 -462191.068423 12625.352292 -29.664190 41.127003 20.715634 -28.118966 -122.481200 187.544550 54.635452 -171.322953
212 3008801.681793 1999257.296670 -66400.126273 262657.430446 21.556830 -5.778999 17.435557 36.885278 -21.053467 33.696628 48.891504 4.337392
213 2909905.563673 2050602.676031 -95701.232665 -132500.537618 -14.573563 -6.584338 -40.417449 19.303591 169.970965 68.382730 300.150801 -171.096714
214 1897437.317283 3102131.568650 -164033.391946 91168.499533 -15.410550 5.960280 55.329576 3.887604 -24.746699 60.815019 10.208857 -208.157154
215 2826010.655333 2106714.670319 -10907.031382 -2013.656961 -0.393987 2.013108 -28.496579 39.436514 27.969402 62.604543 -271.783843 339.781271
216 1985564.806991 2992297.900767 74868.279255 -30366.667804 -0.807175 -7.251008 23.736059 -50.915409 -49.719318 -33.286378 -234.399521 -51.735092
217 2343337.212698 2634420.853324 -248085.110180 4689.288372 26.155248 -40.910338 -17.162481 24.954393 -324.254369 -274.838067 226.201864 224.785742
218 2392691.665694 2578640.310908 143786.839155 -62347.859492 24.847388 39.675111 5.344405 28.681738 -31.197162 -287.392562 78.050069 -222.453003
219 2405353.237528 2557768.134511 18232.312636 -92867.810463 27.786127 36.235176 -21.922761 18.286363 104.899634 -92.998664 96.618011 16.412853
220 2398499.332399 2549917.196129 101406.878221 -107550.687911 -38.185467 30.905166 -24.521009 -4.012550 109.814447 96.060633 -41.847996 39.355821
221 1369523.560317 3632880.124579 149244.932337 254771.825118 12.658168 9.529917 56.670305 -23.457118 -23.545383 10.623979 124.690198 -2.679398
222 2477907.355796 2482491.591752 9392.885393 12679.832634 -45.238390 27.765462 1.232474 -0.787385 51.853955 -86.184429 -44.561897 -24.099720
223 2570097.463154 2363501.210761 125842.892552 43631.869572 -4.307860 36.667695 -4.090206 -32.426274 -194.665156 84.072820 140.923257 -185.952964
224 2261531.391385 2721912.458082 172560.234518 120288.233880 -1.723323 -36.290634 -27.398510 -31.432874 147.584017 -314.435059 -94.642954 -314.165912
225 2528268.070258 2469925.309410 11354.867724 -16900.293130 -19.554748 -11.283880 42.543085 18.588329 -8.204621 81.570369 -105.047413 -109.047811
226 2614503.375863 2382829.821040 -5354.212642 10612.716486 -1.430309 3.792221 -50.428403 5.120657 60.665253 29.711806 -228.696325 224.011771
227 2995951.039209 2003582.120550 -32234.007751 60928.863602 -6.162996 3.083344 -40.546899 -24.073557 68.334455 9.273736 -149.585410 253.099510
228 1542209.007636 3414177.543789 -106692.561441 -128704.520668 8.751865 5.939337 -57.380921 18.083597 48.417580 -5.556549 64.291206 92.843845
229 2545479.066569 2468920.556665 -24068.347760 -2462.344709 -31.107919 0.950705 -40.601162 -4.518505 28.831812 15.732122 -51.802818 23.137835
230 2448016.225722 2553779.730322 -22522.864586 -17555.010870 5.280907 -27.032008 41.011499 16.893985 -241.213029 86.599553 -41.676596 -312.460300
231 2224494.582813 2744070.965322 168353.173652 -265583.877219 -40.175366 17.007612 -30.973106 -21.620753 76.333732 -329.582328 220.028701 -119.865316
232 2466817.970421 2482926.475906 55237.431591 6161.783578 -8.992744 -50.220924 -6.576133 -14.143062 128.840042 144.513668 40.067845 84.544768
233 1691268.993702 3293637.211317 -184393.798024 -203156.644254 19.188711 2.337420 -40.324433 40.292130 75.411721 -24.954322 58.861215 203.618908
234 2530320.136977 2444093.942386 48694.232991 -30597.513161 24.424954 -29.192377 -33.322411 4.940678 -98.594097 144.570465 195.565986 16.560027
235 2543302.790852 2416709.279919 52138.106085 -5628.821376 35.386446 -9.104912 -32.181473 14.306948 68.166168 138.575883 -15.658204 -102.493840
236 3385901.868635 1619303.899468 -288655.738238 -152127.691187 -14.082624 -7.254073 -40.750782 1.120077 95.905928 26.265941 97.909665 17.943516
237 2469940.536887 2480367.001301 -80518.868687 -15891.298534 -30.256562 -44.996673 8.235061 8.312648 24.121274 29.734058 -33.988595 35.826947
238 1994342.101447 2963516.550998 253730.204484 -26573.930665 -0.360139 27.647876 -5.112749 50.526607 -13.133928 63.994830 -35.605561 17.727006
239 2487511.881160 2462798.230801 -156764.695298 -18432.962871 31.467992 -31.520263 5.488329 -7.032295 172.735208 245.038367 82.960289 87.233283
240 2462074.533812 2520972.628871 101780.034706 -6673.360172 -32.287998 34.488418 -21.547189 15.262655 -53.531871 -231.932187 -42.198071 -174.547614
241 2478543.598209 2508538.721153 60631.864068 46383.008826 -5.031879 55.973595 3.481655 3.904530 -102.702305 283.361820 8.425854 -22.643339
242 2463712.775824 2501929.096065 10936.161627 -332.744855 -13.901658 17.357159 -45.418858 12.433607 -7.038047 -78.858526 10.500409 -238.237674
243 2521364.111103 2435763.531150 38069.231393 45423.622065 28.907960 -28.382378 7.655261 29.465449 71.198946 122.490367 -59.104207 46.979677
244 3328953.392135 1668976.003623 -349592.651083 94372.617819 11.719994 13.517754 15.831763 36.814727 -60.379834 64.583971 -74.294610 -16.731470
245 2157201.780355 2780659.946185 373369.647383 -105632.599343 -30.467386 -33.660681 -17.520924 -34.182023 -225.284230 -265.187607 -165.729952 -222.152947
246 2257480.095811 2747065.158848 -405.665907 -272160.392972 39.957724 -12.865996 13.185425 36.450483 -42.946548 -15.689051 74.041532 -20.513460
247 1117727.045430 3908755.825218 -353628.938532 173268.560348 16.134011 8.482184 -37.948720 -51.255017 76.358383 -202.051099 -417.188620 451.995559
248 2237281.071312 2720307.144115 -147942.778326 136040.710674 12.121842 -31.192256 -40.563982 17.927992 -49.893209 33.903772 107.652417 89.768919
249 2085062.790433 2889667.612440 -51365.251770 211301.669601 -11.521972 -24.135117 -39.677913 30.644679 21.231146 -79.945105 -198.200347 83.398220
250 2439171.457517 2508007.081380 55472.013966 -688.587822 39.132976 15.879143 29.298013 10.314990 -146.381946 6.227470 -48.327545 -14.312120
251 2014686.847907 2964468.528912 283519.375588 -96882.412968 -26.871895 -17.989550 -28.059306 -39.322567 5.005723 -23.821011 -49.531673 15.610709
252 2522371.545098 2458752.560253 915.496586 -68715.396735 39.731362 23.910398 3.979229 -17.853465 86.130007 228.644824 124.462019 -90.704803
253 2500724.589259 2502359.056146 13639.874143 11748.450906 -14.915017 -23.926485 -28.049220 33.087585 144.652046 105.204590 35.746635 -180.393450
254 2459623.648333 2503308.101318 -47359.040878 67967.242435 57.042824 -0.479524 -4.483715 -7.753111 -572.427847 274.796862 129.002431 57.287583
255 2264173.166606 2717829.368318 137425.943162 107272.569841 -30.571309 10.974255 -23.761655 37.525888 153.605228 -298.363662 -162.885207 -478.923910
256 2264173.166606 2717829.368318 137425.943162 -107272.569841 -30.571309 -10.974255 -23.761655 -37.525888 153.605228 298.363662 -162.885207 478.923910
257 2459623.648333 2503308.101318 -47359.040878 -67967.242435 57.042824 0.479524 -4.483715 7.753111 -572.427847 -274.796862 129.002431 -57.287583
258 2500724.589260 2502359.056146 13639.874143 -11748.450906 -14.915017 23.926485 -28.049220 -33.087585 144.652046 -105.204590 35.746635 180.393450
259 2522371.545098 2458752.560253 915.496586 68715.396735 39.731362 -23.910398 3.979229 17.853465 86.130007 -228.644824 124.462019 90.704803
260 2014686.847907 2964468.528912 283519.375588 96882.412968 -26.871895 17.989550 -28.059306 39.322567 5.005723 23.821011 -49.531673 -15.610709
261 2439171.457517 2508007.081380 55472.013966 688.587822 39.132976 -15.879143 29.298013 -10.314990 -146.381946 -6.227470 -48.327545 14.312120
262 2085062.790433 2889667.612440 -51365.251770 -211301.669601 -11.521972 24.135117 -39.677913 -30.644679 21.231146 79.945105 -198.200347 -83.398220
263 2237281.071312 2720307.144115 -147942.778326 -136040.710674 12.121842 31.192256 -40.563982 -17.927992 -49.893209 -33.903772 107.652417 -89.768919
264 1117727.045430 3908755.825218 -353628.938532 -173268.560348 16.134011 -8.482184 -37.948720 51.255017 76.358383 202.051099 -417.188620 -451.995559
265 2257480.095811 2747065.158848 -405.665907 272160.392972 39.957724 12.865996 13.185425 -36.450483 -42.946548 15.689051 74.041532 20.513460
266 2157201.780355 2780659.946185 373369.647383 105632.599343 -30.467386 33.660681 -17.520924 34.182023 -225.284230 265.187607 -165.729952 222.152947
267 3328953.392135 1668976.003623 -349592.651083 -94372.617819 11.719994 -13.517754 15.831763 -36.814727 -60.379834 -64.583971 -74.294610 16.731470
268 2521364.111103 2435763.531150 38069.231393 -45423.622065 28.907960 28.382378 7.655261 -29.465449 71.198946 -122.490367 -59.104207 -46.979677
269 2463712.775824 2501929.096065 10936.161627 332.744855 -13.901658 -17.357159 -45.418858 -12.433607 -7.038047 78.858526 10.500409 238.237674
270 2478543.598209 2508538.721153 60631.864068 -46383.008826 -5.031879 -55.973595 3.481655 -3.904530 -102.702305 -283.361820 8.425854 22.643339
271 2462074.533812 2520972.628871 101780.034706 6673.360172 -32.287998 -34.488418 -21.547189 -15.262655 -53.531871 231.932187 -42.198071 174.547614
272 2487511.881160 2462798.230801 -156764.695298 18432.962871 31.467992 31.520263 5.488329 7.032295 172.735208 -245.038367 82.960289 -87.233283
273 1994342.101447 2963516.550998 253730.204484 26573.930665 -0.360139 -27.647876 -5.112749 -50.526607 -13.133928 -63.994830 -35.605561 -17.727006
274 2469940.536887 2480367.001301 -80518.868687 15891.298534 -30.256562 44.996673 8.235061 -8.312648 24.121274 -29.734058 -33.988595 -35.826947
275 3385901.868635 1619303.899468 -288655.738238 152127.691187 -14.082624 7.254073 -40.750782 -1.120077 95.905928 -26.265941 97.909665 -17.943516
276 2543302.790852 2416709.279919 52138.106085 5628.821376 35.386446 9.104912 -32.181473 -14.306948 68.166168 -138.575883 -15.658204 102.493840
277 2530320.136977 2444093.942386 48694.232991 30597.513161 24.424954 29.192377 -33.322411 -4.940678 -98.594097 -144.570465 195.565986 -16.560027
278 1691268.993702 3293637.211317 -184393.798024 203156.644254 19.188711 -2.337420 -40.324433 -40.292130 75.411721 24.954322 58.861215 -203.618908
279 2466817.970421 2482926.475906 55237.431591 -6161.783578 -8.992744 50.220924 -6.576133 14.143062 128.840042 -144.513668 40.067845 -84.544768
280 2224494.582813 2744070.965322 168353.173652 265583.877219 -40.175366 -17.007612 -30.973106 21.620753 76.333732 329.582328 220.028701 119.865316
281 2448016.225722 2553779.730322 -22522.864586 17555.010870 5.280907 27.032008 41.011499 -16.893985 -241.213029 -86.599553 -41.676596 312.460300
282 2545479.066569 2468920.556665 -24068.347760 2462.344709 -31.107919 -0.950705 -40.601162 4.518505 28.831812 -15.732122 -51.802818 -23.137835
283 1542209.007637 3414177.543789 -106692.561441 128704.520668 8.751865 -5.939337 -57.380921 -18.083597 48.417580 5.556549 64.291206 -92.843845
284 2995951.039209 2003582.120550 -32234.007751 -60928.863602 -6.162996 -3.083344 -40.546899 24.073557 68.334455 -9.273736 -149.585410 -253.099510
285 2614503.375863 2382829.821040 -5354.212642 -10612.716486 -1.430309 -3.792221 -50.428403 -5.120657 60.665253 -29.711806 -228.696325 -224.011771
286 2528268.070258 2469925.309410 11354.867724 16900.293130 -19.554748 11.283880 42.543085 -18.588329 -8.204621 -81.570369 -105.047413 109.047811
287 2261531.391385 2721912.458082 172560.234518 -120288.233880 -1.723323 36.290634 -27.398510 31.432874 147.584017 314.435059 -94.642954 314.165912
288 2570097.463154 2363501.210761 125842.892552 -43631.869572 -4.307860 -36.667695 -4.090206 32.426274 -194.665156 -84.072820 140.923257 185.952964
289 2477907.355796 2482491.591752 9392.885393 -12679.832634 -45.238390 -27.765462 1.232474 0.787385 51.853955 86.184429 -44.561897 24.099720
290 1369523.560317 3632880.124579 149244.932337 -254771.825118 12.658168 -9.529917 56.670305 23.457118 -23.545383 -10.623979 124.690198 2.679398
291 2398499.332399 2549917.196129 101406.878221 107550.687911 -38.185467 -30.905166 -24.521009 4.012550 109.814447 -96.060633 -41.847996 -39.355821
292 2405353.237528 2557768.134511 18232.312636 92867.810463 27.786127 -36.235176 -21.922761 -18.286363 104.899634 92.998664 96.618011 -16.412853
293 2392691.665694 2578640.310908 143786.839155 62347.859492 24.847388 -39.675111 5.344405 -28.681738 -31.197162 287.392562 78.050069 222.453003
294 2343337.212698 2634420.853324 -248085.110180 -4689.288372 26.155248 40.910338 -17.162481 -24.954393 -324.254369 274.838067 226.201864 -224.785742
295 1985564.806991 2992297.900767 74868.279255 30366.667804 -0.807175 7.251008 23.736059 50.915409 -49.719318 33.286378 -234.399521 51.735092
296 2826010.655333 2106714.670319 -10907.031382 2013.656961 -0.393987 -2.013108 -28.496579 -39.436514 27.969402 -62.604543 -271.783843 -339.781271
297 1897437.317283 3102131.568650 -164033.391946 -91168.499533 -15.410550 -5.960280 55.329576 -3.887604 -24.746699 -60.815019 10.208857 208.157154
298 2909905.563673 2050602.676031 -95701.232665 132500.537618 -14.573563 6.584338 -40.417449 -19.303591 169.970965 -68.382730 300.150801 171.096714
299 3008801.681793 1999257.296670 -66400.126273 -262657.430446 21.556830 5.778999 17.435557 -36.885278 -21.053467 -33.696628 48.891504 -4.337392
300 2135424.986785 2827467.417597 -462191.068423 -12625.352292 -29.664190 -41.127003 20.715634 28.118966 -122.481200 -187.544550 54.635452 171.322953
301 2516879.523220 2453704.963036 -41897.979480 19847.666833 42.385060 14.572304 15.163835 18.017645 132.910313 29.582521 108.639351 29.731929
302 2499093.119721 2489575.643946 1604.109890 14488.081280 -43.409375 21.525333 1.233605 -0.088014 -707.465711 -334.197811 -36.248054 -9.911460
303 2358681.802747 2590889.552031 -38565.032548 77064.358284 23.940110 -14.721554 -40.898490 -19.889451 124.149911 -44.254319 -86.785077 -80.908147
304 2284422.530254 2670442.451109 -375132.619798 -194251.240801 56.359331 -3.715334 -23.516383 13.212351 111.645978 -340.325343 69.520497 172.759658
305 2558243.892509 2442014.895524 -43111.776189 104560.096393 37.452115 -18.798460 17.962244 19.924407 -21.807483 -9.081503 59.252236 13.783613
306 2622585.513324 2351067.168259 -15505.727346 -12152.330435 8.380892 0.465597 49.971993 -0.079865 -48.425495 -3.834632 30.730574 -24.110172
307 2532456.291730 2465757.760431 1995.638891 -747.864280 11.513437 53.159100 1.451978 2.032213 -184.238170 3.051530 2.751594 -44.839146
308 2434152.591458 2532799.655066 -213012.617761 -37565.971145 24.042737 -53.881366 -3.243049 13.974002 272.247397 13.966149 -47.056019 50.894788
309 2533699.073738 2453606.473849 -142719.130414 54775.398651 40.453169 20.726709 8.219831 9.894545 -387.315899 132.124995 -62.833384 -35.694117
310 2478965.752297 2502408.564678 2284.537891 -7276.005246 -23.974822 -46.023250 1.374671 -6.939499 -216.881940 221.274139 -65.876613 50.996189
311 1762492.021374 3228225.282280 -373155.611852 17546.895593 8.596263 -25.943797 -17.455547 51.196848 74.968060 178.531207 -114.369177 -261.206791
312 2490667.270260 2512383.619543 1983.200949 6222.873350 -39.564779 -20.353728 -22.474621 -13.876100 193.569443 162.194889 53.318545 132.593345
313 2473894.255195 2475037.413947 34708.533448 368.756551 -25.536320 41.547164 2.183939 -10.736258 202.539160 131.809657 -81.775873 -59.166991
314 2368966.947774 2597151.825802 128057.278145 -41654.909994 -24.274220 -35.521251 -14.348052 -30.212966 197.041571 -33.749536 120.135381 49.501533
315 2438227.573002 2470061.635607 17010.471980 -18011.562585 -32.933568 -39.356526 3.019211 -13.458955 411.284123 257.305422 -21.348686 170.002992
316 2270549.528975 2704916.700294 -119018.927081 -148991.750885 0.316157 -35.032080 31.723848 28.995865 -49.608925 71.808217 -24.213136 -27.382681
317 2487201.863180 2474941.124842 -91293.155566 21882.811997 -10.529295 44.095901 -1.447448 5.897459 -85.911009 -216.009075 -25.100927 -86.696524
318 2495799.823570 2504913.197552 -41117.098244 5513.610532 49.884111 -14.424020 -14.264389 2.676359 13.207179 -117.141442 42.933135 46.619387
319 2680203.499373 2266718.681211 27902.435306 98493.241714 -17.283948 -15.650251 38.323602 -21.356606 75.870878 -199.575062 224.393686 333.081443
320 2201315.331672 2739477.350419 104917.015116 -224722.151530 -5.502087 38.202812 -39.736254 12.751937 389.999721 167.722874 11.828999 389.548168
321 2786266.805263 2172830.294680 206753.819590 68512.287100 -25.592336 5.011187 36.014678 -18.045572 -211.527150 38.108675 197.849058 -164.039006
322 2442824.824659 2485346.345313 7089.238944 -110726.599899 -11.570622 -54.704916 10.518990 -1.517199 -238.162515 -394.356322 67.793888 6.761209
323 2017645.099347 2944844.240379 -1681.283845 9658.107341 -0.955508 -1.215455 -51.405568 22.678789 43.451957 9.789592 -338.456339 -74.117344
324 2360108.955546 2644019.076376 -50023.162645 85122.363210 26.142582 18.410125 3.534237 -43.082864 -65.361876 208.951422 357.051561 -115.478392
325 2726863.690986 2226459.422851 391346.871952 121612.398085 25.213900 -27.482026 -10.500438 21.321811 122.726227 -57.757273 -15.975862 110.422148
326 2251736.113350 2711802.084620 112301.917856 94953.421456 -27.948095 9.385319 -27.561604 37.127384 13.217668 96.402755 16.946068 83.201425
327 2198316.124876 2818587.944892 50643.347310 13809.674303 1.796410 5.623486 33.219938 42.723016 -43.149269 34.241868 -124.599477 -2.934090
328 2440362.472339 2525322.507061 146268.560485 -6548.597243 54.703529 7.578455 13.564131 1.768157 -2.431449 33.491833 47.694661 1.618480
329 2403837.151546 2565241.101989 159986.130600 -302238.354006 -29.876927 53.616373 -17.774749 -0.974730 -558.060307 -422.876718 17.993909 -237.498240
330 2485187.016336 2501392.903803 -11991.469580 11034.946041 -31.503434 5.492626 13.318173 38.793800 -208.919536 175.388475 181.497344 214.764700
331 2545238.689890 2419360.711077 24944.233670 173453.570147 2.263541 44.504432 -14.295057 -1.277830 152.538402 149.221819 -51.378678 -18.322507
332 2353783.777540 2607579.072744 131060.115786 -104948.457087 47.089510 7.739914 20.180005 20.549007 209.128379 -331.030565 275.422698 -95.872011
333 2537112.120800 2399869.265732 67989.540764 -5604.480486 21.053603 29.170537 -4.634914 -35.685693 131.327472 -4.038259 -73.713472 -119.577316
334 2709752.924888 2296190.237670 243332.620920 -122831.257184 4.074739 -36.108737 -14.762500 26.303716 94.615761 129.273978 -22.375402 -55.858428
335 2518947.439582 2465495.998898 8567.695165 -10454.047010 5.199497 -50.102540 -7.467468 4.606980 0.230779 39.329233 10.913861 48.886565
336 2121436.279958 2844633.396215 12794.918741 -44287.213279 7.161901 3.157104 -7.347016 54.189829 -12.634882 95.428708 -350.766771 -38.871120
337 2512784.310922 2508365.210817 -39025.344188 21210.945592 52.477470 -4.006718 -8.193449 -6.232867 234.006275 -160.337056 -4.103962 -3.072936
338 2468846.096147 2476854.868096 33322.859591 44950.725071 46.435455 23.786023 12.329063 -4.189277 -200.615052 361.422932 75.789441 75.237956
339 1754383.818263 3215711.703179 -559334.950645 -517506.397948 -45.846776 -12.552322 40.645720 -22.993825 94.652004 233.839674 -282.436281 -82.512658
340 2464742.654546 2475799.229860 65698.782712 -16211.689976 23.508109 -45.107708 11.336851 -13.786887 37.364955 -82.744032 43.250805 21.173182
341 2517714.932946 2455288.531010 -79049.493157 40221.698838 -28.086487 -37.718016 -1.208799 -14.555320 -91.479649 37.210813 -64.376233 40.646188
342 2339316.988736 2626932.144627 -134614.602243 128636.327450 -47.812172 -5.023670 16.548127 23.319612 123.188911 -518.506405 -335.523519 154.629069
343 1908146.008512 3046084.961963 -256008.205134 105314.523785 -24.676703 10.625197 51.918335 0.968914 63.496351 -53.444425 -246.333276 3.885583
344 2459340.099331 2496946.823435 -22103.569791 66698.756930 -7.910542 -54.006394 -9.112866 2.012706 249.445398 -53.127391 -19.265357 6.857855
345 2488914.956230 2508220.489936 20421.473373 -46822.079505 51.447065 -15.070761 8.233640 7.494154 154.728611 -619.011310 174.632326 -25.371982
346 1972811.029232 3020612.398608 -488680.396216 -74714.234704 -3.847361 41.071122 -1.701518 -44.952035 136.306886 147.882593 -174.547868 -205.330314
347 2488018.520250 2474239.798064 21324.888780 -6515.245253 -42.592088 -27.565783 5.457760 -10.903285 108.900612 -110.459893 -15.228953 51.888416
348 2325885.306433 2608652.067195 -123914.758003 271344.651305 -5.705988 53.063833 23.768604 -7.115645 -121.313427 5.988014 19.037392 0.814399
349 2183515.705497 2778568.340850 -52668.825297 -290451.995362 41.801255 -1.371176 -8.729153 38.207924 337.845432 -22.621992 4.166045 313.664168
350 1743291.839911 3249081.016195 258326.432369 38514.067824 -19.655174 -0.694374 -56.017758 7.014125 34.491433 35.816368 -22.526431 90.564811
351 2698717.257228 2257380.284671 -53746.835006 -125546.749003 -11.561876 -20.839510 -42.926759 3.491212 89.850196 71.551866 130.050001 4.119170
352 2680498.496652 2292311.957521 22138.951136 -9174.906965 -4.108757 1.930884 49.348494 -6.912146 -83.743256 -20.645021 275.021138 236.321826
353 2506472.710815 2449316.076892 94744.037104 -68386.438059 -3.993505 45.976024 6.668456 -9.851184 85.651016 75.032257 -14.912657 -85.691681
354 2555194.649069 2431368.360973 49853.577103 121697.489773 -36.224613 23.806782 -4.230313 -22.370518 -15.204528 41.378134 -68.834483 -49.795376
355 2246095.662654 2747018.792492 -419304.191007 -190983.196357 -12.953019 -53.154888 17.853879 23.797896 349.532508 72.438802 -201.866091 86.367310
356 2260054.784066 2738503.894039 -2418.365285 29777.328025 -3.308345 3.724081 53.686152 -0.854606 -70.942599 8.092464 222.656525 100.989967
357 2032830.614344 2996831.954323 272697.250948 59362.649746 11.638385 25.606874 30.915984 39.614026 -126.838036 184.328944 -103.724527 286.139906
358 2894857.015396 2041560.764871 11263.400131 81022.111268 8.242703 -4.247991 15.208803 44.670491 -6.762823 47.210748 25.198316 63.445526
359 1924615.862129 3090440.838631 44627.741499 63865.583923 -0.990866 6.944248 38.030370 42.501385 -17.951079 47.386864 146.817090 -19.841255
360 1746846.099807 3252022.633399 418595.854903 136103.109311 -30.956931 -4.022360 -52.077937 8.777294 129.524050 48.334301 148.030445 25.352911
361 2421749.343538 2554732.894978 243232.588105 -95384.841774 -52.049142 25.889469 -16.951577 1.221489 202.939182 -406.426356 58.602958 -107.979803
362 2466371.182692 2510581.378954 10438.389921 -29104.268445 8.876875 -15.409018 -9.516126 -48.027547 -112.906387 -129.034126 -392.371251 68.094493
363 2355973.603591 2578316.018425 -18813.883912 18155.371765 -3.746812 8.956661 43.330909 28.724062 -25.251462 -3.796496 -152.280673 -126.533205
364 2781729.532311 2151749.773105 -236244.759667 -183498.440881 -23.505884 22.351136 -4.055848 33.469253 159.268211 -7.836135 62.415085 -168.779956
365 2211535.419772 2806520.925013 -247922.077863 18525.413298 20.112803 -31.525865 -27.622056 32.013201 98.710624 -103.862571 -88.636047 160.823574
366 2564312.369319 2448251.045628 79541.594409 -152830.486923 22.010524 38.107153 10.348231 -16.905046 -142.997626 -117.351812 14.867796 28.914734
367 2408210.657066 2532456.685507 97120.485724 -38539.520963 6.923609 -45.251245 15.285602 -24.152266 655.930029 95.794847 360.120696 277.022508
368 2487073.481617 2508908.395542 985.322444 23747.172348 27.802089 -40.702388 -0.302628 -18.048191 -19.312453 17.721853 28.747466 54.430523
369 2081279.982858 2843549.822399 -122409.101512 22060.520937 -14.779199 -10.260805 35.485685 39.215504 15.516734 2.232989 -165.709274 68.513518
370 2459651.727218 2557038.767376 -174821.916698 7738.510968 -56.305917 -5.077145 14.633804 0.899468 -654.945549 163.279057 121.201968 -42.902261
371 2547068.025761 2455361.024524 -72485.526417 174305.962123 3.632647 -43.754467 11.365318 -5.189900 392.446286 -79.646996 79.471688 147.350087
372 2424281.528187 2555239.077306 57351.672379 58845.594281 0.507832 42.777728 23.967228 21.736832 679.328216 107.806536 410.147625 -383.820200
373 2475474.434479 2496766.734230 -32201.265476 8658.155295 -41.993678 -34.195217 5.970074 3.426453 -8.702286 329.401747 -44.179538 -10.144526
374 2616271.551252 2326981.067185 -6283.405471 -18781.568234 1.386701 -14.143959 -46.205155 -14.400698 -28.069466 6.907280 22.092202 286.679883
375 2124031.499087 2866125.382169 -25501.944950 -102284.526634 17.096974 0.425773 -9.329827 52.207798 32.235581 103.780118 -176.067327 46.187288
376 2443131.702678 2540288.531640 4466.317933 134258.544961 47.928706 -27.437145 -7.281358 -13.164247 -182.611404 -96.349318 15.282850 73.542841
377 2269812.052759 2664329.163605 -234797.937335 167242.999586 -36.119546 28.269716 34.346930 0.486078 0.028754 -174.589131 -128.219594 65.666807
378 2179643.278356 2817674.272145 189145.968104 101825.043350 30.420843 15.824205 44.459051 -3.464383 98.910391 -289.757420 -20.612109 -424.013012
379 2503555.518853 2498659.673309 -28814.749328 -3480.172659 1.462808 57.253927 0.753064 -1.866441 29.432485 -216.640364 -2.777734 -40.361970
380 1531697.679738 3405376.938392 -45212.060570 -116964.789492 4.512263 6.674485 -58.707911 15.015643 -9.856494 -48.677887 556.608012 -222.792051
381 2091936.324207 2876552.599559 -114830.185823 268816.058860 34.765096 10.602650 -4.181291 -44.406846 -200.069254 -351.705179 -235.126445 369.565785
382 2437926.508879 2497945.796289 -119744.341065 102118.557428 -27.147415 -52.795721 -4.273703 9.441375 -96.875010 -111.862648 -25.497163 65.667636
383 2146772.979228 2818901.607972 -201741.454084 -17589.789594 -18.822107 23.412706 24.225050 -40.757463 -218.241125 143.344195 253.193790 -342.125520
384 2215086.671845 2729374.644061 -36744.096124 -50844.372564 -10.231676 4.841239 10.888716 -52.073432 35.354144 -106.087761 82.469944 331.854501
385 1882247.956926 3061447.177502 542458.570885 -663.337737 31.460836 28.988278 33.001349 31.840099 -13.083468 97.838335 29.795784 61.933815
386 2283346.368595 2687357.438226 147410.240892 -178990.257870 -17.918118 -35.336582 16.951233 -35.861916 109.515948 60.405294 -11.250732 184.230836
387 2583201.501367 2429001.654235 5988.212628 83743.038242 -26.486970 32.313445 -22.319179 -15.923333 229.470990 1.335223 -31.600341 100.525964
388 2159792.669653 2820438.236561 159209.547950 -271699.261224 -11.255063 -37.996473 28.200518 -30.863108 -35.127357 -99.964819 51.916280 -21.120741
389 3393336.129294 1605178.253092 78683.923970 215340.358648 -6.915035 -8.446518 39.046415 -17.742892 -16.204219 -106.935786 266.366557 236.886637
390 2137915.849993 2825803.215284 -227580.464715 7616.157004 -17.027536 24.373319 30.171198 -36.602342 -120.001568 -10.975460 137.656725 -41.464858
391 2483716.849734 2478335.052221 13770.321313 -9963.607763 32.597437 42.798368 -0.843106 2.400471 -61.863097 -375.210464 43.498691 -51.962103
392 2405992.096914 2543028.240464 -134153.437054 234391.710572 39.310439 -43.466591 -17.391920 -4.187267 -99.587237 -237.140740 -18.237162 95.359504
393 2446366.190471 2482304.109265 449.901585 13263.109291 24.326462 -43.980184 6.715613 8.132299 -78.135283 252.148356 -17.323818 12.168096
394 2382423.685529 2638933.745694 1262.043626 -5768.261635 0.281991 -3.219398 51.014725 13.876303 -59.110229 27.940535 -205.821589 -203.815609
395 2723604.245788 2290822.696724 16218.086523 -161695.995924 -0.604069 -27.875903 -40.731030 0.226344 74.101093 196.378919 286.494412 -7.196206
396 2507759.228561 2475980.782611 44967.928948 -26137.482273 44.003940 -12.325937 -2.772006 -0.860097 40.257977 271.551337 63.879788 0.000239
397 2659561.402575 2282899.205562 -293.615552 -2418.197457 0.175346 -5.627667 -39.229776 -30.820909 41.628865 -14.933212 127.064715 101.884749
398 2476918.449537 2507058.066421 24545.106176 54876.038348 2.834200 -49.605439 -19.070955 -3.395396 -97.042229 -198.088333 -78.089002 82.418773
399 2408829.894212 2557825.082844 49386.127280 -39713.629262 -30.924199 20.799369 -36.459943 9.385211 -41.601302 -33.087553 -88.336646 -85.799466
400 1795914.224660 3140904.242533 -68439.614957 -231152.189818 -13.502113 15.329368 -29.982574 -46.906963 8.382379 -6.366830 -76.642065 -72.031426
401 2275497.310713 2657381.617249 153932.290882 5746.083773 20.650713 26.031181 29.549429 31.600641 2.548778 102.220106 64.401203 68.987907
402 2328262.529793 2659422.295376 106868.906729 -54560.174100 -13.995450 31.900747 -25.727996 32.316261 -122.204190 -134.738837 -130.175743 -262.233871
403 2628268.823026 2343327.463955 15873.094091 -51801.518262 3.274244 12.911248 45.284385 -17.287611 -16.879262 -75.060027 -214.548340 -102.972867
404 2031157.542759 2919667.926722 -35148.020394 -349346.979672 2.684104 35.464072 -46.732915 -1.092469 37.822952 51.498045 -66.559104 -32.605809
405 1588704.733241 3411757.836754 -348613.216613 -41298.111913 -6.740210 -22.066540 22.431675 52.657917 -51.099400 -48.351351 104.722179 217.283084
406 2562216.964455 2390222.946299 -16060.611510 25278.158341 17.859720 -7.862668 31.330808 35.297526 12.971935 51.551460 17.031898 123.570931
407 2744575.782220 2235025.337441 153235.108776 -165228.079733 29.217037 -9.081529 -33.037868 -17.239865 -253.039433 -50.299827 259.340513 286.797489
408 2383373.068194 2557042.094418 106571.636165 -12577.042821 -50.095768 -3.345513 -21.612219 -4.737192 78.785777 -146.801630 -9.495249 -55.248562
409 2632734.868807 2373199.520196 6936.643190 87828.670456 -24.724946 -9.813973 14.037799 -40.287424 -141.668424 43.668395 -173.594232 -186.726999
410 2415766.442300 2535814.261544 65991.444814 70302.641376 39.225840 -34.208086 0.535707 -17.732053 254.382448 72.221117 115.929671 -12.907346
411 2150464.614693 2827335.689760 -27888.651497 -35935.100350 -0.988199 -7.687893 51.638239 17.494991 -85.796255 30.015667 31.015363 -290.826360
412 2533316.241463 2418364.219935 101903.118111 28619.489927 32.658971 31.025190 -16.608771 -10.208475 -536.188511 -117.984739 280.875446 -39.222480
413 2458719.076817 2498381.923340 6634.990994 -4703.424361 24.776898 -26.885215 -33.329855 -16.104337 17.347860 19.847113 63.973533 31.443202
414 2278340.842832 2693268.287736 415822.572485 221949.604913 25.353120 -53.818261 -0.438821 -24.823263 154.736242 120.555776 99.427007 57.469366
415 1695780.666304 3278415.925731 235798.190671 300901.998982 25.981713 1.625391 36.514567 -41.706513 -25.037478 -259.238647 -366.671191 -301.203268
416 3190208.520231 1778779.496810 249192.710198 1783.129258 -3.025235 -14.673682 8.632552 41.787347 -37.110809 63.858160 69.378994 -6.129089
417 2604216.072330 2393356.272381 -12162.666277 53743.342450 1.760416 -20.290830 45.475998 -8.674186 -44.803144 183.492602 -417.663182 146.787599
418 2261984.665966 2760999.809707 142395.374112 478247.272217 -53.941364 21.187241 1.802799 27.471913 -196.787375 -79.725500 -107.677016 60.593126
419 2221452.361640 2723376.981965 39112.739248 -195749.906680 -29.078776 19.133171 -28.637239 -32.180012 369.589458 -81.170609 101.060394 395.563304
420 2252477.156330 2674143.392111 50348.105997 217265.796727 33.951238 16.500570 27.761236 -30.162995 -77.267781 -181.910625 -149.263511 -7.555045
421 2381451.486119 2635309.878702 -50349.353688 38173.449078 7.422986 24.794350 8.350812 -45.683148 116.314337 -29.965305 -180.549064 -146.469777
422 1619541.965918 3356081.614027 133255.110706 -281140.361806 -13.827293 16.039790 -53.990118 -19.408730 -135.697950 63.052753 -374.084586 -378.218464
423 2594407.740476 2378412.235268 -14516.462046 -46986.756313 -11.250784 13.652036 23.807599 41.113912 118.316440 56.052162 155.326334 -362.499037
424 2276096.620150 2676857.661142 -95126.051055 -57663.398095 -19.459585 -11.760879 49.159897 -3.687903 14.620316 -125.505051 30.736119 301.252566
425 2532293.876701 2470710.995806 21354.394482 -4221.531967 -9.365314 -3.304362 33.083033 38.248492 -31.711189 26.541991 -48.102214 52.722499
426 2311672.271917 2639970.081993 6236.142351 -73193.105088 -4.297536 -26.217661 42.759061 -18.536940 -292.281349 -90.128010 11.791755 -435.916004
427 2600489.485174 2335637.196850 -17197.381534 -1783.703522 -8.782293 -4.820949 -46.517449 -17.449817 57.985244 46.741727 82.396776 317.560227
428 1567362.395784 3443117.861682 -130980.011600 49316.597508 -7.077775 4.987321 58.894497 -12.735549 -21.954977 -54.681945 -261.689157 231.107803
429 2530713.342248 2428713.666289 70843.302324 -52560.554511 19.670982 -40.789130 -17.067721 12.341013 -259.659406 -264.205235 73.625981 219.005878
430 2531124.849279 2489876.998334 21397.769623 49210.042082 28.920006 -8.886717 -15.713217 38.197320 23.880251 -144.632254 216.730396 176.722697
431 1818334.864672 3138024.827898 -12089.038780 -80905.120500 4.816785 -5.428688 38.675716 42.804921 -105.071281 31.835118 86.314128 -580.833391
432 1216436.575905 3756178.846294 64246.536285 -131097.621346 7.607508 2.871641 6.764950 63.504019 35.727652 -0.711125 440.715804 131.246832
433 2605632.199093 2333048.315723 -32427.309926 -25753.188953 -13.320583 10.976965 -16.367011 44.373388 -18.305247 -59.112571 -245.177648 -213.694597
434 2648461.601574 2360137.479066 -178479.308812 11585.074915 29.035294 -23.123651 26.039366 -17.865324 155.351417 180.987855 177.545814 208.123021
435 2367030.741349 2581068.587076 167741.512292 -172682.210885 -49.252399 -21.137730 -8.736819 -21.257147 49.700414 -37.949455 -19.493813 23.084894
436 2260841.563385 2684875.509883 -194074.220040 -172467.132869 42.072651 -14.021699 -18.155619 30.133341 109.837584 -84.570533 34.836250 126.772787
437 2686272.668404 2342680.866007 -17156.836940 90683.288227 16.390110 18.273006 -23.167133 36.875349 117.884393 -43.635663 205.114878 98.222403
438 2261342.470244 2665423.468859 -269570.011555 -84387.122570 46.313785 7.579037 -33.210485 4.028204 183.330419 -193.675456 -30.405413 159.801056
439 2348605.396794 2616108.264467 -40184.613645 -322907.753706 52.293881 -20.583385 6.098261 22.011580 -206.479748 163.153140 -12.651776 -72.865339
440 2437606.887300 2551947.062272 245901.068710 483.182989 -8.536908 -56.868471 -2.337931 -16.524097 126.786161 310.412577 29.090138 136.634761
441 2258612.248589 2773754.186448 150408.020878 396269.667130 45.348958 25.817778 23.715908 -20.648554 15.713431 -149.259937 -36.976457 -64.161223
442 2555328.640325 2418914.759794 6775.723812 16734.634192 -10.338266 7.835572 -22.911774 -44.049303 112.404327 19.541829 -311.266330 286.326592
443 2043550.631020 2905346.689288 -56880.043908 399844.395761 -27.847042 -28.952061 -25.823812 35.141133 240.415173 -18.869484 -111.030433 -205.450326
444 1986456.595503 2980674.420468 208720.487171 467133.036343 41.119311 -13.656669 3.904811 -43.549248 57.703692 66.779273 143.916618 -6.974105
445 2479840.554306 2485344.253752 97590.213595 -73641.488040 3.275403 42.663319 2.395829 -4.640625 -10.843310 237.227383 21.149900 -86.599689
446 2861030.952783 2119246.220203 12911.462831 73457.453990 6.756414 5.950346 -34.385321 32.770984 25.814334 31.538551 46.492889 -76.246201
447 2445283.933627 2487136.592017 22441.560046 40197.288784 20.404795 38.985009 23.651612 -16.632164 253.469673 211.387304 144.353189 -237.380924
448 2770454.877387 2154000.889728 464400.372641 -11184.231205 10.596599 -34.555480 -7.137574 23.718120 -143.476883 131.770130 119.660258 -19.685871
449 2461483.864101 2515972.478968 -6615.864987 -25565.290445 1.511241 -12.782763 39.057385 31.733326 -169.939675 70.950982 145.709804 -502.247628
450 2258551.572065 2743533.865637 122631.453798 52643.409505 18.838399 14.808138 48.545069 7.865454 -69.060031 182.080972 145.198995 326.238870
451 2335658.463667 2637950.951139 -22910.542356 -237824.760681 31.761867 37.343778 -23.665654 16.881066 47.245472 140.820756 -50.045621 -20.973855
452 2465473.519749 2468237.471668 -34250.724192 -3093.319088 -40.332829 27.949449 -8.444901 5.498311 -174.501892 171.967103 -81.880863 3.054232
453 2561511.738436 2429933.026190 23710.694664 149077.843091 -7.463312 -42.719756 21.983739 -5.298266 -219.667122 -259.775347 117.239745 -61.832443
454 2282286.900569 2652980.733010 -134401.921540 98490.803371 -6.662278 -35.507772 -14.967503 38.786524 107.178897 29.049284 -101.051622 -20.140807
455 2426421.480554 2561639.673717 -52047.260395 37716.110453 -34.060416 -20.223416 3.592403 34.879755 209.089075 -70.351625 -218.679193 -76.857666
456 2543477.575535 2403629.138585 -113341.307424 24854.408442 -33.550609 -25.838521 -13.030559 -22.282573 -132.432771 145.815364 -158.525267 90.763519
457 1304728.304349 3659053.380539 -94899.967132 -204069.854969 6.311282 -9.937863 30.694402 54.619232 10.804545 54.640557 -160.927663 105.845064
458 2457950.475363 2542534.080150 -109955.186190 88905.122999 51.072862 -26.423108 -11.207498 -2.266856 -92.679868 4.676261 56.480586 32.308260
459 2490682.089536 2482322.205338 -21450.683749 6192.239593 41.687148 -32.550759 -4.811505 -0.185463 -32.768699 -322.450734 23.406615 55.639539
460 2550385.586348 2419105.443548 55738.813732 -39893.472108 30.836548 -5.347465 -33.975298 -20.824313 -198.049595 -135.682870 159.857135 310.960329
461 2422386.252634 2561826.422518 -35095.937038 -116228.182167 2.700709 -52.618766 15.384216 7.889273 56.468331 -63.792141 14.108594 76.453549
462 1659675.650741 3291253.247492 12206.648742 -306005.479175 -20.344504 -4.276402 10.159347 -56.307987 32.535336 -116.597031 196.761484 106.914276
463 2789512.086050 2196071.607721 -44984.270011 183640.297438 -7.080418 23.473165 -41.712348 -2.987665 59.728701 -282.263613 460.395017 -111.363581
464 1484254.458767 3504688.675836 -61105.292676 249638.073298 11.819354 -10.186562 -49.562557 -34.045790 -24.159334 25.590455 249.620970 177.418739
465 2402265.784338 2541908.437735 109369.613620 -59145.625059 3.367576 48.593421 -14.295139 21.352671 13.792080 -121.463043 48.810340 -101.269433
466 2447742.067372 2523149.356593 -48639.143866 62453.295040 47.289872 -18.057381 -16.663534 -8.747281 75.034713 160.863115 76.034859 -41.529131
467 2348365.455757 2609213.614568 -111026.623682 -163177.152321 14.970401 -42.750394 16.611049 27.301561 -38.382922 -205.997911 149.138525 127.316265
468 2465127.261724 2505284.500828 -45582.571518 22078.239401 46.223344 -3.234875 -24.234966 -8.448569 -146.303647 -13.857279 129.335159 43.057685
469 2481161.684556 2476773.216667 -71297.014535 28992.911148 31.011366 -33.320714 5.490534 -0.723484 347.156977 -82.223488 79.183596 62.423584
470 2483978.284838 2494599.344727 -9258.594597 -6546.885023 -8.189146 -43.627721 -16.992884 -20.012838 -139.104817 97.235661 -54.140969 150.257336
471 2186774.854704 2836655.067310 6166.929179 -125819.299121 20.903487 5.650440 -17.912052 47.531377 -191.946981 40.691346 68.202713 -489.762558
472 2468535.860423 2514317.639104 -92777.881841 -7101.090898 -53.580272 4.634187 14.005262 -2.947509 -63.281616 231.416086 -40.539631 -67.476967
473 2721138.989272 2284770.080957 -56574.845264 -10107.873821 -7.497615 11.698929 -14.082054 45.831760 36.474025 2.452641 19.087405 -188.570418
474 2468585.019619 2493848.828605 -26563.299798 5908.275952 -7.844814 -55.333244 -0.901942 1.890852 266.686738 215.608894 -10.614284 35.376784
475 2490855.157824 2481561.309877 2352.090311 -46567.432990 -52.474450 20.739270 -2.509381 -4.886481 96.839134 -173.664046 -26.572337 -9.789099
476 2786258.610973 2186206.921191 138160.044671 195804.767862 -1.919586 -28.208699 33.491078 19.323519 -23.465584 244.741193 -266.445682 -118.318621
477 2451108.723195 2503851.606335 157330.273613 34214.460100 -44.744348 41.913822 -5.830637 7.345034 -123.935929 241.009327 -45.359160 9.260964
478 2437199.520436 2528268.144335 -113801.152358 49962.402302 -36.709707 33.459337 22.152515 -8.296782 -256.237044 170.759894 103.502976 -66.618974
479 2530519.830936 2454170.247064 -50671.439919 -90101.290277 -39.756607 -22.024507 -15.690537 11.112160 210.740319 -77.423415 -42.592388 -65.863737
480 2474912.353911 2522197.362471 35160.608739 45324.014799 -55.226596 5.357817 -3.825250 5.021797 -253.380946 195.337111 -51.541240 31.569797
481 2451820.663343 2507419.265067 96245.885341 -29393.612779 -9.973359 -48.145729 -0.353411 -22.933565 118.974432 63.222884 37.883307 92.940811
482 2493808.559975 2461413.792120 -24476.699024 -72415.370886 -51.139468 24.308103 -0.623568 -6.144265 108.961550 44.129565 -51.416649 -10.810336
483 2489843.528775 2519977.194453 -15933.419854 -52764.269395 -52.013836 -25.552438 5.494346 -4.228472 -119.745222 362.331751 -74.185616 -11.564080
484 2483397.602000 2501493.744216 9944.437515 -3665.521948 9.413112 -50.645703 -0.951782 1.381133 -533.304614 -431.253720 19.676070 71.220160
485 1755596.258900 3184769.356556 110549.973735 106845.262728 -10.025987 4.557900 -24.957610 52.355856 -80.665549 9.851006 -513.982568 212.097884
486 2332875.455780 2608268.331414 310863.803868 -79365.433569 -52.339718 -13.505791 -22.278335 -12.195672 126.828600 -57.446332 16.229553 0.912469
487 2279639.667634 2666364.957251 107463.896499 177555.139796 37.957649 3.458823 23.029538 -33.028428 133.435987 -536.435956 -352.286180 -409.471024
488 2306767.065782 2655888.132394 -91365.435140 -2439.710497 -27.301598 -13.476000 38.384424 22.660976 140.834902 -48.718271 -290.137370 94.809750
489 2069096.870313 2852516.665218 315183.841629 259222.200838 -17.683312 39.752968 10.345498 40.090454 231.546902 66.285914 186.668273 -144.088585
490 2553843.703703 2406349.617496 -10955.600939 21718.764828 10.757200 10.213847 -16.061943 46.355972 -6.159206 26.329656 43.742231 -107.388346
491 2421279.042543 2554973.466938 15904.624229 -17718.935508 -4.380372 33.730505 -39.796149 6.205282 -106.338890 155.111899 -221.767866 -147.846572
492 2099884.896205 2906916.736790 -50528.454963 -518465.655233 50.093148 2.521127 -5.528660 36.627257 -160.279012 41.681602 34.675174 -123.538744
493 2450394.052227 2508396.666444 56159.368454 -88279.589930 -34.018633 -44.817111 3.012410 -8.996354 21.706606 -152.373338 -5.604897 26.617371
494 2297322.672593 2672847.163972 21852.194929 -5685.956623 2.151173 -2.126571 26.566292 -46.698652 -46.614108 -34.235595 -329.365281 263.523490
495 2532629.552015 2473688.157631 49111.486433 27168.350510 -3.048834 48.647851 -0.922777 -4.099510 -170.549563 -264.941165 17.062897 -37.252874
496 2186134.527627 2756155.526718 62448.061721 -126563.814383 6.548579 -23.524782 47.104224 -15.114232 49.398137 18.728313 52.844650 210.538297
497 2460879.197359 2510418.164931 1738.257751 591.146300 18.252870 -9.930753 47.032907 8.197414 -264.210125 -178.833076 -106.404503 -637.354897
498 2345091.193874 2635665.685074 237572.579038 -340869.363632 55.621292 24.532028 3.872755 21.575913 308.015909 -246.258750 176.180012 24.630343
499 2686102.847102 2296201.757632 58838.908451 213258.982251 -34.851449 -6.624899 13.005746 -29.944529 -187.100549 -65.438350 22.172879 -140.552442
500 2480956.481052 2508602.205848 -72306.100855 8551.212687 -24.362979 -50.669121 2.854058 8.588220 421.318028 -520.385384 -98.634679 117.578824
501 3068969.450558 1882522.800461 54213.723093 122133.028131 9.416384 -0.164673 -18.063903 41.843235 30.975228 9.437794 182.060280 122.722349
502 2325688.125573 2661718.266172 -86114.404088 53613.100847 28.373485 -6.523310 -43.326401 -14.298785 -326.584453 -199.207120 365.958365 552.908753
503 2510358.403625 2510245.033839 -14027.990211 1576.067621 8.681552 -51.358551 1.729451 4.220705 208.337590 32.859296 -8.407862 58.093805
504 2448662.911957 2496442.644897 337.398602 -4897.427421 15.434380 5.338220 -33.068560 37.052837 -1.185301 24.227213 89.014168 -85.539881
505 2760642.278634 2218377.337799 -37930.477597 67447.011628 13.035822 -8.680170 40.886567 22.721372 -12.522270 142.152147 -251.574276 256.514915
506 2618227.114277 2351195.867164 -19813.103810 3846.764753 6.643971 7.419286 37.267288 32.525804 -68.562807 26.507754 -141.702332 -28.726529
507 2434811.959103 2520749.165663 -38328.535538 -9363.967606 -36.403571 -23.696308 28.942793 3.431265 114.794849 30.170597 -129.905231 49.752303
508 1735878.094262 3251180.702385 130747.016945 -88153.138475 4.426303 10.376024 -7.024007 57.829324 26.259888 31.207483 130.292276 -11.866747
509 2576287.970001 2394791.506575 -29212.037566 76351.586518 37.037718 -18.108694 24.327423 15.745922 -47.772560 110.301936 -25.150012 39.843301
510 2609837.296816 2380319.874853 28113.015142 -131636.241606 39.122899 -1.654325 -9.238148 -28.635318 -35.562886 -276.222901 -128.675504 85.813464
511 2372083.716091 2621881.574447 38710.051445 72607.977434 23.975134 17.725078 40.375683 -17.664978 -118.193814 -162.906386 -223.306231 -22.166510
