4.705035
4.647988
4.752090
4.745540
4.512632
4.601645
4.685290
4.918370
4.767860
4.912445
4.975335
4.898388
4.848690
5.012730
5.062028
4.875773
5.022473
4.927573
5.171520
5.063880
4.890775
5.007105
5.061220
4.808603
5.027757
5.006895
5.126258
5.085553
4.992725
5.052503
4.959565
5.045210
5.280910
4.919120
5.042092
4.914828
4.971965
4.766337
4.914595
4.779903
4.833110
4.903700
4.969025
4.832545
4.791288
4.807490
4.607057
4.841050
4.808780
4.894852
4.875868
4.889032
4.740405
4.976332
5.075753
4.980095
4.987818
4.985453
4.840970
5.110927
4.883135
5.139678
5.262885
5.198460
5.218153
4.982392
5.218703
4.972750
5.270873
5.245205
5.422792
5.323738
5.526520
5.544742
5.113833
5.291028
5.132483
5.150385
5.036535
4.880625
4.975750
4.866453
5.130440
5.076635
5.092092
5.222462
4.940590
5.157925
5.120450
5.358190
5.186260
5.281295
5.155452
5.252332
5.338633
5.127978
5.347247
5.551628
5.456030
5.691515
5.795295
5.407863
5.627400
5.492407
5.331893
5.267308
5.300225
5.461898
5.254450
5.359393
5.238480
5.385433
5.230465
5.474532
5.281675
5.064048
5.069343
5.008533
5.207382
5.295323
5.092397
5.125158
4.990882
5.027070
5.192370
4.929807
5.195085
5.290455
5.005845
4.999808
5.069083
5.107628
5.362063
5.062370
5.056782
4.924330
4.916627
4.953430
4.656367
4.958910
4.902210
4.875292
4.877555
4.539442
4.873017
4.870880
4.858205
5.031652
4.989852
5.015067
4.721190
4.910617
4.886913
4.732250
4.737063
4.623342
4.641150
5.002587
4.670020
4.796070
4.726450
4.576025
4.540680
4.390880
4.563517
4.464028
4.381852
4.410753
4.515668
4.448275
4.692922
4.703053
4.859500
4.871290
4.656750
4.773892
4.915917
4.658832
4.740545
4.676317
4.377268
4.607992
4.398957
4.497160
4.447600
4.531472
4.557988
4.598820
4.646175
4.641475
4.610810
4.448358
4.533990
4.504062
4.342453
4.486830
4.319497
4.267965
4.315417
4.529705
4.589045
4.649525
4.776280
4.542740
4.648542
4.806705
4.761355
4.762658
4.522163
4.647608
4.819410
4.785658
4.613975
4.620838
4.940175
4.776707
4.950625
4.684005
4.871423
4.660695
4.755393
4.955443
4.947305
4.888020
4.909580
4.780530
4.788565
4.828155
4.534755
4.655535
4.548883
4.807173
4.550190
4.795125
4.713770
4.678883
4.582190
4.625267
4.451187
4.502245
4.632932
4.417450
4.754930
4.810570
4.889882
4.889015
4.942863
5.037822
4.900857
5.052833
4.921550
5.127813
5.186620
5.176403
5.280238
5.408825
5.342392
5.327875
4.988598
4.886560
5.262355
5.403455
5.009683
5.020545
5.166383
5.006620
4.942940
4.939755
4.857188
4.684687
4.589910
4.679995
4.481172
4.635788
4.642638
4.535545
4.394385
4.621107
4.623055
4.618448
4.754107
4.756773
4.632892
4.414808
4.675413
4.579875
4.735570
4.955230
4.998985
4.825992
4.926597
4.723307
4.844305
5.186010
4.914803
4.909173
4.783855
4.883850
4.741087
4.613753
4.684365
4.709145
4.798398
4.802308
4.700175
4.622605
5.043355
4.712680
4.694603
4.499092
4.631905
4.529542
4.503685
4.397845
4.413205
4.617447
4.432510
4.588120
4.559712
4.604205
4.552543
4.558418
4.577230
4.501532
4.411078
4.616505
4.444645
4.497585
4.690507
4.535298
4.690938
4.619125
4.879720
4.800595
4.621405
4.894292
4.761000
4.764482
4.953943
4.748263
4.745463
4.720887
4.583225
4.471082
4.583163
4.483370
4.716863
4.451665
4.345463
4.560815
4.675923
4.677170
4.724452
4.586265
4.642857
4.779908
4.699460
4.754042
4.796105
4.818182
4.830653
4.993012
4.877567
4.801427
5.079962
5.066060
4.841025
4.592162
4.675170
4.914895
4.977550
4.798330
4.929950
4.985473
4.757125
4.970352
4.931913
5.085117
5.193270
5.205740
5.023110
5.201790
5.229043
5.063485
5.196203
5.026813
5.136158
5.179457
5.034187
4.837497
5.243930
4.995228
5.216135
5.050422
5.140645
5.018065
5.028223
5.273677
5.347297
5.182498
5.182152
5.359773
5.280510
5.343530
5.224000
5.454110
5.365217
5.473495
5.386755
5.488785
5.465630
5.621607
5.425750
5.546700
5.241788
5.262227
5.242015
5.193858
5.193758
5.172370
5.136435
5.280608
5.215710
4.985448
4.995915
4.975638
5.150968
5.165642
5.117180
5.089848
5.142848
4.984802
4.980110
5.115665
5.170380
5.380570
5.187360
5.510010
5.212733
5.179200
5.422655
5.058372
5.259243
5.210710
5.268280
4.933385
4.992678
5.160065
5.075992
5.187250
5.013642
4.726083
4.839840
4.707780
5.015713
4.872570
4.943330
4.707757
4.792137
4.960585
4.728470
4.885190
4.794957
5.004385
4.969972
4.871632
4.545867
4.523175
4.849340
4.858540
4.870940
4.969190
4.811352
4.829987
4.589385
5.032870
4.875885
4.985685
4.985753
4.879865
4.757865
5.144170
5.007713
5.051403
4.962670
5.430912
5.040273
4.916907
4.825457
4.931365
4.951395
5.143248
5.130933
5.100715
5.237717
5.218660
5.065005
4.961750
4.926390
5.002595
4.976648
4.811415
4.704578
4.900005
4.799993
4.613462
4.864273
4.793235
4.673205
4.577318
4.603607
4.484460
5.184280
5.311960
5.035588
5.327693
5.118823
5.315322
5.388355
5.362375
5.142902
5.202970
5.014635
5.044123
5.118115
4.847487
4.969658
4.764100
5.169605
4.954392
5.080122
4.985280
5.131213
5.188148
5.216977
5.266413
4.999905
5.350132
5.101292
4.990405
5.130242
5.056328
5.163470
5.355070
5.076030
5.081338
5.155075
5.261647
5.188442
5.322400
5.256920
5.166700
5.207780
5.077167
5.148155
5.156557
5.208340
5.137775
5.007937
5.368243
4.944678
4.991467
5.039340
5.078495
5.204682
5.007315
5.315767
4.961943
5.163210
5.047668
5.084073
5.178153
5.042785
5.204910
4.985735
5.011113
4.987728
5.161240
5.146273
5.035055
4.990037
5.093255
5.190790
4.856273
5.026970
5.138973
4.686807
4.798133
4.983867
4.907780
5.256787
5.088152
5.044812
5.025423
5.051415
5.222740
5.115920
5.084390
5.183553
4.972327
5.056737
4.862818
4.895507
5.138380
4.921362
5.017948
4.771483
4.942960
4.795170
4.785165
4.904525
4.757973
4.526195
4.795488
4.843670
4.907578
4.730920
4.584475
4.890148
4.667655
4.837307
4.990580
4.998292
5.036840
4.874605
4.739418
4.947140
5.218097
5.161965
5.015098
5.018718
5.031103
4.959912
5.152592
4.922282
5.176020
4.961932
4.975932
5.018978
5.086600
5.223940
5.173158
5.043608
5.225198
4.955737
5.215005
5.244885
5.323600
5.403200
5.629988
5.379148
5.215113
5.394793
5.166775
5.297593
5.517803
5.491078
5.351820
5.380718
5.237180
5.562353
5.299392
5.379162
5.180025
5.264015
5.433253
5.306953
5.333345
5.245387
5.226978
5.305420
5.630170
5.271195
5.410332
5.511020
5.537172
5.464523
5.453965
5.600517
5.651790
5.600587
5.353655
5.380097
5.129997
5.396888
5.344873
5.436595
5.506188
5.348268
5.452373
5.484113
5.593100
5.467395
5.528923
5.499090
5.912665
5.951483
5.626765
5.460018
5.443867
5.690957
5.617567
5.450325
5.753233
5.662847
5.594680
5.742090
5.408107
5.640070
5.331615
5.752495
5.374600
5.467573
5.406467
5.623737
5.420520
5.507688
5.278243
5.444687
5.325420
5.403243
5.414025
5.469728
5.272820
5.383410
5.287370
5.399345
5.576848
5.399938
5.329705
5.326548
5.265015
5.195952
5.352733
5.307180
5.357947
5.318543
5.496545
5.347347
5.449135
5.468813
5.533605
5.362235
5.577500
5.569860
5.494182
5.693358
5.486705
5.650935
5.504115
5.323735
5.347467
5.600340
5.668345
5.270670
5.205222
5.428555
5.150313
5.313055
5.270317
5.233975
5.357592
5.091082
5.052803
5.221107
5.256077
5.183865
5.008987
5.028800
5.241140
5.133800
5.250055
5.321290
4.969400
5.121087
5.370603
5.204460
5.262955
5.137790
5.294535
5.211440
5.299593
5.717660
5.385760
5.504625
5.465583
5.601485
5.326135
5.379520
5.362075
5.537230
5.562792
5.424995
5.616377
5.656993
5.552753
5.550998
5.278970
5.304583
5.478040
5.070885
5.400780
5.238500
5.431832
5.444197
5.299767
5.390520
5.278912
5.376017
5.395753
5.463283
5.358268
5.546672
5.297210
5.224498
5.357490
5.453258
5.181350
5.324990
5.444335
5.646445
5.368050
5.526810
5.487983
5.308915
5.586370
5.539880
5.375805
5.521200
5.577917
5.634722
5.368148
5.573925
5.624313
5.762410
5.839387
5.565638
5.594023
5.435148
5.688562
5.555665
5.584625
5.467478
5.456405
5.271350
5.430912
5.198358
5.378535
5.557823
5.309660
5.326792
5.182927
5.056115
5.489655
5.699605
5.644653
5.490823
5.418373
5.582122
5.260990
5.505102
5.453150
5.247370
5.283570
5.155233
5.284942
5.256197
5.309405
5.574255
5.361735
5.539175
5.353350
5.372002
5.209690
5.520920
5.192488
5.095483
5.320475
5.211250
5.438140
5.334928
5.302880
5.290995
5.127315
5.064095
5.365907
5.360857
5.254058
5.199262
4.845133
4.920738
5.296127
5.139118
5.085600
5.044220
5.154892
5.209168
4.949115
5.135813
4.860350
5.021040
5.217022
5.066190
4.851402
4.982918
5.010912
5.055467
5.202318
5.169352
4.628105
4.739275
4.924387
5.016958
4.741322
4.846768
4.642313
5.039953
4.964058
4.709910
4.647552
4.716107
4.627192
4.829923
4.601590
4.576250
4.735168
4.668610
4.860850
4.920265
4.730713
5.053020
4.857440
4.827705
5.025875
5.185148
4.934158
4.942202
5.017053
5.159325
4.702060
5.241187
5.056242
5.125065
4.872852
5.094790
5.145610
5.044560
4.927505
4.892705
4.846298
4.893130
5.029522
4.817163
5.111772
5.109517
4.996738
5.032115
4.939880
4.984352
4.919040
4.886283
5.003972
5.295780
5.052120
4.906195
5.017615
5.106405
5.139793
4.909103
5.203305
5.269113
4.886518
5.082103
4.829405
5.088398
4.829397
5.037433
5.147113
5.439540
5.224073
5.250410
5.087520
5.088387
5.129450
5.192260
5.064213
4.996833
5.211983
5.021535
5.209975
5.301118
5.048262
4.964070
5.055685
5.367895
5.111705
5.078285
4.950493
4.886515
5.174025
4.990700
5.009638
5.078638
5.003935
4.720632
4.834013
4.943297
4.969030
4.944460
5.156315
4.929753
4.931488
4.959560
5.163462
5.028552
5.154287
5.328980
4.973140
5.224790
5.297505
5.345262
5.239520
5.340540
5.307457
