4.205900
4.779900
5.463650
4.993700
4.484500
4.485450
4.581250
4.266800
5.143700
5.837050
4.863800
5.368450
5.426100
4.617600
5.015800
4.981150
4.791750
5.164800
4.554250
4.473600
5.323550
4.776800
5.334450
4.574600
4.164300
4.424200
4.152150
4.425000
4.749900
4.859250
5.057250
4.957700
3.503700
5.413750
4.737300
4.459350
5.329400
5.261250
5.580500
5.201400
5.984550
5.313350
4.948850
4.638950
5.043500
4.279350
4.701850
3.798550
4.409250
3.685200
4.072550
4.371900
4.846800
3.913900
4.274750
4.506950
4.320050
4.917300
4.830350
4.757600
5.315850
4.750000
4.675450
3.914750
4.762800
4.641600
5.413550
5.428450
4.939600
4.637700
4.329850
4.768550
5.467800
3.814700
4.579150
5.038050
3.643150
3.742100
4.872250
4.105200
4.233550
4.564200
4.688100
4.865200
4.923000
3.266800
4.414150
3.680750
4.992200
4.200450
5.239000
5.038850
5.147700
5.187850
4.401150
5.409650
4.550250
5.093450
4.243900
5.645750
5.541750
4.663600
5.511600
5.559950
5.591250
5.452850
5.250600
5.761800
5.327200
6.273100
4.836000
4.949050
5.026500
4.998150
4.379450
5.505400
5.904600
5.792500
5.375150
6.287750
5.679200
5.854700
5.428850
5.279950
6.269600
4.875800
5.704050
5.986800
6.127000
6.618150
6.118050
6.741800
5.627900
5.797750
5.833800
5.910900
6.577450
6.057850
5.273300
5.989900
5.904800
6.752050
5.987600
6.323700
5.793050
5.410500
6.272100
5.437450
5.843300
5.435750
5.827250
6.922200
6.108350
6.018000
4.879650
5.927650
5.606150
4.760750
5.113150
6.442600
5.933900
5.679700
6.052800
6.106100
6.407750
5.663950
5.259550
5.746400
5.488400
5.992100
6.287900
5.962350
6.696350
5.523700
5.908500
6.096800
6.046550
5.528950
5.667900
6.760200
6.038600
5.144800
5.959750
5.806500
5.432400
5.621450
7.048100
5.093300
5.412700
6.224250
6.136950
6.256300
5.681000
4.806050
5.716950
5.067950
6.038750
5.422750
6.237650
5.433450
6.351350
5.441600
4.834250
6.388850
5.735950
5.591650
5.774250
5.262350
5.937700
5.311250
5.191750
5.404700
5.321150
4.812150
5.342450
5.358500
5.308250
4.751300
4.319550
4.794900
5.223350
4.314600
5.161300
4.227250
4.134850
5.011500
4.750700
4.802250
5.200700
4.826550
4.479050
3.975500
4.677050
4.799650
5.265200
5.076700
4.131450
4.681800
5.542950
5.502150
3.593950
5.703050
4.800050
4.968550
4.565200
5.881100
5.576100
4.928550
5.168650
5.125250
4.992250
5.575550
5.523900
5.675400
4.933600
5.804500
5.002250
5.303500
4.414050
5.349100
5.013350
5.506100
5.091600
5.052200
5.136250
6.215450
5.515400
5.156050
5.247500
5.213450
5.602150
4.762250
6.141750
5.009800
5.256100
5.250250
4.846550
5.255250
4.961850
5.549600
5.882350
5.586000
5.545200
5.274350
4.085550
5.027000
5.190000
5.587450
5.215700
6.064650
4.904550
5.433500
4.576550
5.631600
5.239950
4.760050
4.460950
4.967750
5.537500
6.661050
5.076750
4.379800
5.726650
5.223350
5.808850
5.754800
5.111650
5.377200
4.552000
5.161250
4.857650
5.509200
5.996500
5.658050
6.247700
5.379600
5.522750
5.774600
5.711950
5.567100
5.943000
6.050000
6.917900
6.040950
6.633050
5.082050
6.162600
5.943300
5.865700
5.493050
5.107400
5.342900
4.873350
5.327250
6.084450
6.378600
6.826700
6.065450
4.749700
5.865100
5.647650
5.873900
5.819950
5.314550
5.271500
5.255800
6.108400
6.000300
5.529900
5.603850
5.230650
6.174300
5.535350
6.177500
5.756200
5.802050
5.393450
5.662100
5.529050
5.706600
6.069300
6.386600
5.031300
5.613200
5.646500
5.000900
5.859850
5.911100
5.448800
5.701750
5.706100
6.575400
5.953000
5.976550
5.797600
6.012750
6.964050
6.660100
5.811650
6.699600
5.508800
6.119600
5.725950
5.984450
6.336050
6.309900
5.719900
5.281450
5.095450
5.992800
5.167300
5.894200
5.467450
5.661150
6.362750
5.397700
5.639950
5.821500
5.619400
5.802600
4.664300
5.717500
4.606200
6.265150
3.985600
5.479100
5.673100
5.154500
5.774900
4.795550
5.213550
5.472350
4.647600
4.415300
5.518050
5.742150
5.930900
4.780150
6.589800
4.952700
4.283000
4.273000
5.305050
5.030950
4.579550
5.859350
4.481650
4.846550
4.978000
4.889550
4.053350
4.521400
4.287750
4.663450
4.844650
4.615350
5.038150
4.311900
5.098050
4.459400
4.561450
4.248550
4.940550
4.963950
4.919300
4.376750
3.588000
4.279800
4.835900
4.542550
4.086550
4.710850
3.971500
4.686000
4.586950
4.602300
4.861200
4.363150
4.832900
3.796550
4.005600
4.317200
4.604500
4.785750
4.554850
3.967150
4.548750
4.935900
5.707650
5.323650
4.939150
4.512350
5.259600
4.526800
5.634800
5.648500
4.815600
5.114350
5.228800
4.812150
5.220850
5.086450
5.148800
5.814650
4.981100
4.895200
5.591050
4.275950
4.760850
5.787550
5.695900
4.762000
5.373250
4.609550
5.151300
5.762650
5.305450
5.008700
4.539000
4.404050
5.265900
4.490700
5.127300
5.017150
4.668300
5.605400
4.952950
4.697550
5.153750
3.164350
4.037150
3.851450
4.774300
5.641350
5.733200
4.422350
5.125950
4.263750
4.114250
6.342450
5.054550
5.199200
4.355100
5.139650
4.718250
4.717500
5.381450
4.917050
4.455900
5.295750
5.301900
4.943650
4.676100
5.279750
4.855500
5.256800
5.756100
5.431500
5.357250
4.571450
5.663500
5.302250
4.932200
4.626650
4.230500
5.707850
4.545050
4.500000
4.638150
4.674500
4.564100
4.975300
5.572250
5.808600
5.486700
5.911750
4.498250
4.765050
5.686150
5.349150
5.222150
5.905500
5.098700
4.921400
5.796450
5.895600
5.277300
5.339050
6.904950
5.621200
4.600800
5.826000
6.169200
5.401500
5.627350
4.439950
6.148650
5.797650
6.392950
4.894900
4.859900
5.229550
5.898750
4.159950
5.613050
5.603900
5.608600
4.799450
4.803650
6.016300
5.637800
5.117950
5.822850
4.907750
5.072050
5.422450
5.321400
5.334200
5.161800
6.076500
6.115400
6.036150
4.980850
5.189800
3.706800
5.386150
5.371100
4.615250
4.573900
5.447500
4.652300
4.729650
4.881400
5.505750
5.370750
4.616050
6.574750
6.120800
5.024450
5.348200
5.292450
4.714650
5.066000
4.353100
4.081000
5.040400
5.187050
3.742850
4.468800
4.180750
5.099200
4.035350
5.394450
4.300300
5.370000
5.088650
4.486400
4.605250
4.112000
3.684800
3.797050
4.349400
4.370600
4.637200
4.746950
3.492550
2.996550
4.372750
4.139750
4.135800
4.113100
3.696500
5.199000
3.793650
3.470750
4.166000
4.736050
5.449700
5.422200
4.954800
3.672800
4.547100
3.745150
4.278550
4.995500
4.266850
4.362350
4.540000
4.322650
5.036650
4.057050
4.495100
4.620600
4.916400
4.418300
5.290950
4.398200
4.550200
5.301200
4.236450
4.850500
4.763350
4.921600
5.091000
4.968250
5.409950
4.230750
3.992500
4.427350
4.185000
3.951500
3.912350
4.268900
3.593300
2.997550
3.923350
3.875500
4.322250
3.769150
4.145700
4.836700
3.997850
4.088250
4.294750
4.751750
4.124800
5.695350
4.113550
4.026050
4.595600
4.556400
4.623600
4.783850
5.159650
3.325100
4.381650
4.933850
4.354050
4.811600
3.833700
4.253250
4.867950
5.285550
4.844900
4.591450
4.278650
4.713150
4.733600
5.426000
4.668100
4.406250
4.735000
4.474850
5.211150
4.099050
4.876900
5.444250
4.945550
5.522700
6.210400
4.132700
5.093100
4.378800
4.603300
4.763750
4.733650
4.365650
4.376150
5.154000
5.257500
4.711650
5.078550
4.847800
4.721650
5.405850
4.435800
4.768000
4.440350
3.248900
4.914300
4.739800
4.529600
5.388050
5.073450
4.722900
4.537150
5.050050
3.831650
4.161850
5.081550
4.590750
4.851050
4.544600
4.584500
4.776750
4.543500
4.205100
3.733150
4.986600
4.625250
4.417250
5.220200
4.610550
5.032600
4.894350
5.179100
4.409950
4.482700
4.601000
5.616800
4.482100
4.533600
5.099200
5.198050
4.921100
5.414200
4.600700
5.337200
5.629650
4.807950
5.466100
5.631500
5.579600
4.538800
4.400950
5.514600
5.078500
4.679000
4.826950
4.537850
4.941450
4.296100
4.544100
4.571500
4.787100
4.653950
4.820150
4.706500
4.136700
3.803650
4.826550
4.413300
4.642450
4.813000
4.518750
3.758950
5.064700
3.924000
4.831100
4.017350
4.024750
3.827100
4.392700
3.451350
4.585150
4.352650
3.995600
4.689350
4.827100
4.232100
3.963650
4.938750
3.913800
4.564150
4.309600
3.628850
3.517300
3.917150
4.163200
3.992850
5.111150
5.166900
4.552350
5.140750
4.316000
3.993450
5.157250
3.975600
4.975800
4.503900
4.050200
4.374100
4.346750
4.904800
5.528500
4.726050
4.392100
4.253000
4.138250
5.582950
4.734100
4.817550
5.258300
3.457550
4.105000
4.873750
4.719600
4.134500
4.341250
4.200750
4.511650
5.271300
4.170900
4.000750
5.562800
3.396400
4.846900
5.641950
3.962000
4.709250
2.979050
2.809700
4.261000
3.881000
3.707850
4.387400
4.846850
4.981650
3.902400
4.331500
5.186350
5.095800
3.438150
4.186600
5.585850
4.375500
4.812950
4.214950
4.231000
5.122400
5.411800
4.664700
4.289500
4.948300
6.120300
4.736850
4.874850
5.567250
5.159650
5.574900
5.171850
4.055200
4.883100
6.092800
5.732100
4.532100
5.355550
5.304050
4.990200
4.952500
5.472650
4.807700
5.661900
5.205500
5.411750
3.863500
4.948600
5.781400
5.802950
5.392350
4.973350
5.511750
4.863750
4.974800
5.432800
6.113550
4.919150
5.196600
5.734700
5.955500
4.991300
4.574500
6.557550
4.561300
4.921250
4.474350
5.176350
5.282800
4.856950
5.383450
4.696000
5.245650
6.127050
5.338200
5.643700
4.885900
5.594750
6.016450
4.721000
5.433950
5.753100
6.212600
4.902200
6.583000
5.762800
6.381350
5.931900
4.916300
5.813100
5.061750
5.169400
4.802500
5.213150
4.772100
5.174200
5.199900
4.580100
4.476250
4.147600
4.846800
5.036650
4.307200
4.111100
4.260650
6.083150
4.691000
3.898900
6.003200
5.251850
4.379850
4.434550
4.925950
5.357000
5.419250
4.894600
4.963050
5.158100
5.147950
5.111900
4.695450
4.680650
4.782550
3.967100
5.149650
4.546100
5.143550
4.627350
5.051950
4.056150
4.912650
4.569500
6.087800
5.434800
4.455550
