4.487880
4.695457
4.478335
4.609357
4.858310
4.712203
5.003050
4.609740
4.820375
4.780625
4.925088
4.841435
4.855030
5.037905
4.912883
5.217517
4.941330
4.810355
4.964955
5.122420
5.118590
4.909677
4.882987
4.727762
4.596475
4.817568
4.637470
4.616985
4.818665
4.852315
4.692625
5.048280
5.001785
4.871552
4.941307
5.017165
4.806172
4.851885
4.783065
4.924498
5.087870
4.935092
4.931775
4.758945
4.717212
4.580770
4.567440
4.434213
4.383438
4.260225
4.285765
4.332603
4.415877
4.398315
4.439518
4.425872
4.407085
4.538540
4.547008
4.607367
4.832685
4.573620
4.641737
4.540535
4.563137
4.454593
4.840698
4.815328
4.861490
4.859810
4.938453
4.795360
4.660308
4.713985
4.496895
4.434037
4.324760
4.477490
4.681910
4.259552
4.828980
4.785258
4.906777
4.789755
4.701998
4.503267
4.719735
4.730010
4.906618
4.791498
4.864015
5.035102
5.115995
4.793255
4.707975
4.928813
5.010682
4.686050
4.936138
4.799295
4.769918
5.466445
5.289535
5.317698
5.136195
5.297505
5.519707
5.201952
5.371635
5.420477
5.382310
5.480857
5.356590
5.303500
5.343933
5.527052
5.534083
5.520965
5.735692
5.530250
5.647180
5.520988
5.355487
5.670382
5.710920
5.812107
5.710072
6.145028
6.259450
6.353508
6.025800
6.145030
6.118168
5.943982
6.187082
6.100648
6.021903
5.907052
5.678830
5.736293
5.786055
5.922747
5.923858
5.606377
5.729830
5.788680
5.784790
5.735093
5.926860
5.780910
5.594347
6.149023
5.849030
5.990395
5.815762
6.025123
5.649348
5.988060
5.746240
5.717377
5.441618
5.968133
5.800713
5.931955
5.799198
5.699050
5.575897
5.648797
5.639325
5.633628
5.815532
5.605445
5.756450
5.814830
5.875385
5.996820
6.148133
5.988590
5.868453
5.776215
5.902070
6.014602
5.916857
5.598795
5.619458
5.670422
5.698840
5.589135
5.640223
5.772678
5.924305
5.889003
5.670760
5.683022
5.362150
5.464213
5.521492
5.492240
5.612120
5.666602
5.738165
5.616347
5.652158
5.727195
5.455502
5.525292
5.674803
5.312148
5.350812
5.331830
5.171773
5.587230
5.251310
5.087320
5.439093
4.988700
5.117795
5.164033
5.096015
5.104737
5.042220
4.940425
4.978352
4.952897
5.036878
4.976892
4.675910
4.647250
4.873118
5.026677
4.802325
4.675595
4.871605
5.122147
4.998477
4.964428
4.987233
5.168830
5.099510
5.176152
5.002167
4.974922
4.874397
4.989455
5.030177
4.885813
5.099170
5.202705
5.007367
4.872900
4.908817
5.226470
4.990775
5.225765
5.226763
5.162332
5.119203
5.111727
5.163418
5.078510
4.999420
5.077615
4.993263
4.948263
5.064343
5.280563
5.178450
5.139382
5.162813
5.017285
4.945440
5.038485
5.132437
4.987255
5.107190
5.064242
5.053300
5.262095
4.909585
4.910757
4.866915
4.955233
4.938785
4.868375
4.986415
4.965113
4.857068
5.258620
4.913495
4.910530
4.911408
5.034917
5.064190
4.907963
5.255162
5.311035
5.197518
5.374780
5.071047
5.414508
5.147380
5.471823
5.239677
5.495590
5.179885
5.379365
5.508737
5.511167
5.501358
5.495695
5.807638
5.749950
5.907888
5.626927
5.730765
5.633700
5.432997
5.494008
5.543375
5.591730
5.901590
5.840418
6.019407
5.803005
5.656880
5.771530
5.881222
5.768508
5.744648
6.020988
5.968542
5.956250
5.929830
6.029950
6.018978
5.970252
5.946372
5.809070
5.907108
5.655555
5.733685
5.782755
5.518277
5.605302
5.673295
5.611627
5.503245
5.974830
5.734258
5.878122
5.825507
5.889468
5.891275
5.776022
5.777175
5.595340
5.712975
5.640557
5.997973
5.909700
5.795900
5.948365
5.760960
5.855977
5.749512
5.643780
5.618480
5.790845
5.951385
5.781580
5.850047
5.600805
5.823945
5.781840
6.047170
6.063545
5.992707
6.141077
6.184850
6.299893
5.874780
6.055255
6.134335
6.089985
6.259473
5.869067
5.950990
5.517728
5.366867
5.451220
5.447520
5.395543
5.661772
5.462042
5.550323
5.445403
5.535303
5.403705
5.384658
5.243690
5.380020
5.363840
5.455515
5.609990
5.126132
5.373303
5.168768
5.362303
5.409225
5.204887
5.092515
5.103758
4.838978
4.825460
4.827987
4.874790
4.988665
4.950823
5.050685
5.171460
5.018397
4.756263
4.919153
4.607565
4.864612
4.739623
4.765450
4.849708
4.612080
4.687835
4.597952
4.813282
4.587015
4.645937
4.453735
4.280963
4.627732
4.511443
4.868588
4.579243
4.864147
4.839150
4.885720
4.621767
4.915883
4.792668
4.766610
4.567127
4.287113
4.631745
4.498350
4.195037
4.559798
4.615870
4.554312
4.474812
4.486383
4.551495
4.535455
4.260397
4.416338
4.441897
4.394673
4.613977
4.466922
4.614995
4.663165
4.830735
5.088255
4.859933
4.954655
4.800512
5.226393
4.904043
4.987390
4.958502
4.850333
4.830645
4.964602
4.824427
4.903618
4.948020
4.640680
4.798640
4.698090
4.601197
4.826022
4.610145
4.633377
4.910613
4.737410
4.910585
4.854025
5.215872
5.131980
5.216200
5.108912
4.972523
5.004022
4.688370
4.901352
4.807173
4.737443
4.684233
4.966837
4.673500
4.736182
4.536182
4.699180
4.429523
4.629738
4.604075
5.208757
5.290750
5.142775
4.920298
5.023578
5.002615
4.818925
4.974550
4.818500
4.964803
4.701360
4.780655
4.959528
4.801152
4.827715
4.730218
4.693780
4.908985
4.940932
4.896018
4.976165
5.173985
5.012970
5.041087
4.909295
4.931517
5.060065
4.984520
4.885847
5.037860
5.011167
4.820773
4.953780
5.188783
4.884820
4.932660
4.860968
5.059180
5.061120
4.823430
5.194547
4.900873
5.250063
5.261450
5.321235
5.173850
5.328935
5.180263
5.364327
5.549923
5.520067
5.560845
5.532822
5.492312
5.461100
5.453070
5.733428
5.246473
5.371008
5.293720
5.365877
5.219580
5.300815
5.209327
5.184180
5.156948
5.077345
5.206030
5.057185
5.167075
4.983038
4.841445
4.893890
5.097335
5.305705
5.098287
5.209688
5.355722
5.362698
5.265000
5.311933
5.133595
5.057535
4.919523
5.150275
5.282827
5.395170
5.228965
5.260273
5.236288
4.976653
5.100408
4.846375
5.014395
5.028085
5.042038
4.990180
5.032460
5.019900
5.234655
5.082645
4.969482
4.989203
4.794848
5.117600
5.016925
5.180090
5.013122
4.802510
4.953487
4.968088
4.881195
4.812630
4.889077
4.879770
4.574897
4.826828
4.487992
4.609495
4.495922
4.495920
4.818890
4.527063
4.565950
4.581747
4.349177
4.284850
4.031803
3.935165
4.003340
3.977235
4.174460
4.058833
4.245450
4.114562
4.192510
4.193928
4.266762
4.439900
4.282605
4.413795
4.391275
4.273520
4.318180
4.376112
4.308612
4.542185
4.483975
4.259602
4.420465
4.314635
4.186348
4.545800
4.419857
4.550535
4.618947
4.672835
4.470747
4.608380
4.705760
4.732195
4.844502
4.609140
4.591620
4.813458
4.761410
4.721102
4.908975
4.693160
4.872718
4.737895
4.479332
4.805310
4.825595
4.503793
4.457265
4.091353
4.409370
4.443705
4.186262
4.187292
4.074945
4.210958
4.454503
4.420450
4.180915
4.270518
4.274222
4.377230
4.310055
4.135585
4.516840
4.374187
4.602468
4.390740
4.375208
4.479115
4.524180
4.316945
4.311852
4.494965
4.790400
4.314465
4.418280
4.690665
4.544288
4.559213
4.634150
4.427550
4.808427
4.692048
4.464338
4.470313
4.503527
4.571650
4.632372
4.719285
4.952542
4.868310
4.947340
4.862443
4.903040
5.223130
5.119533
4.960427
5.311418
5.255620
5.226167
5.107753
4.882750
4.995200
4.980495
4.852075
5.096913
4.746915
4.807935
4.951507
4.723830
4.689465
4.749688
4.825753
4.732060
4.771945
4.520157
4.614365
4.591113
4.540005
4.564513
4.670650
4.576500
4.587523
4.774055
4.684172
4.608560
4.653940
4.551015
4.596855
4.600998
4.747560
4.690285
4.493708
4.464173
4.706250
4.908085
4.561395
4.375113
4.534235
4.544415
4.579087
4.659980
4.613170
4.697917
4.667147
4.680325
4.709478
4.809240
4.805745
4.911425
4.808452
5.105685
5.087035
5.023640
5.106680
5.343620
5.071065
5.021935
5.151072
5.007422
5.178885
5.272920
5.015630
5.095322
4.826875
4.986932
4.982660
4.660930
4.873600
4.738012
4.636097
4.685030
4.805288
4.451948
4.394988
4.285527
4.479885
4.340065
4.243193
4.308447
4.400160
4.186615
4.392910
4.360800
4.302092
4.355638
4.570410
4.371840
4.495373
4.379322
4.441360
4.393705
4.303752
4.163767
4.181673
4.485152
4.420237
4.497990
4.520638
4.326453
4.327735
4.400915
4.111478
4.479658
4.441250
4.380888
4.385542
4.261720
4.502545
4.384862
4.757290
4.629465
4.824460
4.764457
4.894807
4.577725
5.074542
4.679007
4.881210
4.565982
4.553125
4.535310
4.615245
4.643347
4.530970
4.797083
4.546728
4.359097
4.714745
4.772848
4.376717
4.576840
4.355530
4.093113
4.279933
4.294462
4.398350
4.457578
4.240843
4.316605
4.399307
4.459512
4.371082
4.449312
4.431515
4.284070
4.248328
4.532508
4.226865
4.403035
3.905730
4.064520
4.242150
4.144838
4.073940
4.071840
4.213480
4.434533
4.313087
4.513870
4.296443
4.583863
4.582052
4.545113
4.528790
4.472475
4.509297
4.675450
4.690437
5.000947
4.869865
4.978117
4.912850
4.982885
4.862637
4.906397
5.166803
5.066785
5.181567
4.987875
4.927635
5.129143
4.905305
5.255217
4.977845
4.950798
5.229463
5.037158
5.125407
5.112027
5.147285
5.117648
5.101355
5.117940
5.424688
4.961773
5.331952
5.471700
5.233410
5.328918
5.234913
5.178343
5.286968
5.241545
5.249168
5.381238
5.314615
5.446377
5.361042
5.207260
5.248613
4.820057
4.982805
5.075283
4.979023
4.895270
4.937907
5.180368
5.273923
5.189780
5.104728
5.050002
5.371510
5.413740
5.503947
5.398347
5.386230
5.563805
5.601027
5.435487
5.528230
5.456065
5.719597
5.643148
5.600820
5.530760
5.490378
5.335265
5.300765
5.264787
5.080855
4.988503
4.725523
4.983445
4.776243
4.934205
5.005280
4.961132
4.868378
4.800393
5.071630
5.097392
4.904088
4.684900
5.163358
4.893660
4.990992
5.173475
5.107073
5.252388
5.215265
4.900033
4.677440
4.925598
4.972795
4.810157
4.870342
4.822415
4.716025
4.737818
4.734732
4.929773
4.664650
4.897170
4.962293
5.170725
4.918905
4.863692
4.826340
5.138228
5.101623
5.251225
5.025177
5.143010
