5.089300
4.227000
3.773900
5.077750
5.246250
5.121600
4.039400
5.367250
5.791650
4.915650
4.429500
5.261150
5.369800
4.200000
4.802650
5.423250
5.405350
4.657750
5.012200
5.102350
5.317100
6.133450
5.278250
5.197750
4.564150
5.168200
5.627950
4.756950
4.931450
4.630850
4.846500
4.816350
5.832450
4.830100
5.198650
4.411350
5.543350
4.347800
5.250100
4.809150
4.822100
5.460900
4.731200
6.003200
4.634850
5.356850
4.744050
4.232250
4.046700
4.991400
5.372000
4.472050
4.422800
4.338250
5.005850
5.536700
3.913250
5.635850
4.781500
6.339250
4.176450
4.554800
5.663750
4.889400
5.452050
4.456250
5.698000
5.248250
4.934800
5.962650
6.249000
5.880500
5.586300
5.735500
3.921250
4.864100
4.197950
5.358500
5.661000
4.573200
5.077450
4.839650
5.615200
5.235300
5.660500
4.748000
4.853500
4.858050
5.786750
5.197850
5.274000
6.035100
4.678800
4.863950
4.262300
5.053750
4.666300
5.872150
5.006400
5.748350
5.437350
6.334000
6.175800
5.860400
6.081600
4.819000
5.087250
4.823850
4.822850
5.667600
4.845050
5.399750
5.124800
5.936950
4.384300
4.998850
4.890450
4.821550
5.246950
5.372250
5.546300
4.931200
4.397650
5.833550
5.622100
4.570450
5.232550
4.990250
4.412900
5.113200
4.402900
4.891350
4.984000
5.186800
4.214100
4.908900
4.381350
5.022100
4.647750
5.289650
4.955200
4.737150
5.169850
4.352050
5.595650
4.606400
5.089750
5.293450
4.356050
4.763550
4.367850
6.004950
4.810300
4.904250
4.634350
4.446500
4.417200
5.436450
4.953550
4.729150
5.445700
3.991800
5.304600
4.480750
5.121100
4.496150
4.241000
4.661300
5.106200
5.206000
4.498100
4.776350
5.056550
5.456350
4.044550
5.435350
4.300600
4.194650
4.186750
4.549050
3.824050
4.588950
3.758100
4.552650
4.491800
4.491050
4.564850
4.291250
5.415400
4.228700
4.725700
5.455550
5.246000
4.298500
3.748200
5.092450
5.282950
3.648100
3.507550
4.447200
5.328500
4.337250
5.046500
3.781200
4.808450
5.391550
5.461350
4.517000
3.928700
4.067500
3.951000
5.207100
4.494900
5.389300
5.009600
4.378750
4.843050
4.796850
4.057600
4.911250
5.190200
4.870650
5.751400
4.839350
4.084550
4.699950
3.380650
4.900150
4.491450
4.591950
3.910100
4.076000
4.565400
5.518250
4.717850
5.325100
4.107350
5.313050
4.051200
4.538800
5.053850
4.366600
5.245300
4.746050
4.159350
4.533750
5.793200
4.959000
5.482700
4.816650
4.787050
5.717000
5.525650
4.962800
4.863700
5.424950
5.399750
5.685750
5.232950
5.559650
5.405900
5.209950
6.026400
5.521550
5.028600
5.445900
4.759500
4.976100
5.176350
4.675550
4.630000
4.963600
4.890750
5.157150
5.331200
5.024050
4.486900
4.837950
4.516300
3.548350
4.696600
4.154000
4.865850
4.267900
4.408400
4.849850
4.666500
4.787000
5.624200
4.135600
4.868750
4.535350
4.237600
4.643900
4.241350
4.857400
4.555850
3.647000
5.149750
5.390550
5.064550
4.961700
4.158400
5.104700
4.625050
4.067050
5.380800
4.898050
4.375100
5.214050
4.738500
4.180850
4.851250
4.275550
4.405350
3.814000
4.180450
3.887200
5.352500
5.058850
4.746250
4.150850
4.076550
4.367600
4.899750
4.775600
4.238200
3.303950
4.998900
4.461450
4.621350
5.287550
5.564150
5.080800
4.502200
4.070700
4.550750
4.669550
4.539550
4.346850
4.475400
5.124450
4.256150
3.178100
4.075500
5.150200
4.411450
4.972550
3.704650
4.467950
4.821450
4.532550
4.793700
4.834700
4.962000
4.784100
5.211000
4.820500
4.225800
5.013150
4.710550
4.484900
4.882550
4.627650
4.775950
5.008700
5.289400
5.562750
4.501700
5.314850
4.707550
4.470300
4.056350
4.792550
5.051250
4.848300
5.456600
5.007400
4.224100
4.654000
5.320400
5.530300
5.085950
5.275500
5.973600
5.000900
5.326650
5.064100
3.903650
4.967300
5.812800
3.981500
5.160600
4.960450
4.831550
4.800350
5.698700
4.646750
5.785450
5.784300
6.048600
5.646900
4.791450
6.030450
6.243400
5.226800
5.608600
6.441700
5.128900
5.337850
5.370150
5.398250
4.927300
6.016350
4.990250
5.467250
5.748300
5.352800
5.480000
5.514200
5.151650
4.651200
5.171750
5.219050
5.388350
5.753700
5.343400
4.723300
5.121350
5.491050
5.423100
5.158000
5.484750
4.891850
5.477150
5.341300
4.653750
5.578800
5.246700
5.156500
5.252400
5.634100
5.274900
5.550900
5.721150
5.456050
4.918000
5.259250
5.573150
5.274850
5.050800
5.272600
3.825700
4.609750
5.494150
5.079200
5.098300
5.047100
5.222750
5.637050
4.818000
4.812750
4.689850
5.294900
4.628200
4.861450
5.571650
4.532600
4.697500
4.288150
5.361000
5.434250
4.766250
4.832950
5.370250
4.493400
5.128600
4.957200
5.325450
4.594350
4.618000
5.147700
4.839200
4.739900
4.546750
5.416650
4.814550
5.369500
4.747300
5.240800
5.453800
5.303150
5.135950
4.809300
5.617700
4.916800
6.050800
4.897700
5.052950
4.647150
4.847000
5.341100
4.514950
4.462700
5.108700
3.896200
4.487800
4.902700
4.899500
5.365700
4.799800
5.169100
5.112150
5.058200
4.404600
4.636950
4.955600
5.543350
6.533000
4.508300
4.637800
5.241250
5.907700
5.497100
3.830100
5.502100
4.121850
4.695950
5.446200
4.734850
5.637300
5.884900
4.876400
4.834800
5.599300
4.951250
5.704100
4.766350
4.609200
4.833600
5.336300
5.017350
5.647900
5.608550
5.429900
5.408300
5.245200
4.575900
4.762200
4.694700
4.996800
4.958350
6.087200
4.736650
5.448600
5.862650
4.948850
5.129750
4.382850
4.568450
4.155050
5.340000
4.939050
4.718350
5.598600
5.334150
4.863950
5.271000
5.222600
5.266300
5.700200
4.841650
4.410400
4.473250
4.939150
5.755200
4.875400
4.097850
5.994400
4.878450
5.147350
5.401850
5.288800
3.993000
4.050450
4.692700
5.290100
5.681300
4.878150
4.949000
4.862050
4.443400
5.116750
5.012450
6.283750
6.154450
4.396600
5.428600
4.893800
4.910400
5.688550
4.823700
4.837550
4.805750
5.052950
5.010700
5.396450
4.256200
4.633050
4.242650
4.848600
4.588750
4.515600
4.715950
5.104400
5.148600
5.369550
4.609750
5.243400
4.969900
5.889100
4.431550
5.306650
5.167900
4.905450
4.514150
3.787650
5.667050
5.139850
3.888600
4.903800
4.865800
4.662250
5.940250
5.388400
5.174800
5.073350
4.859600
5.089700
5.454600
5.240100
5.465250
4.693600
5.083100
4.538750
5.645000
5.634750
5.503250
5.100650
6.523300
5.139050
5.756300
5.405750
5.120750
5.408950
6.280800
4.891500
5.867900
5.436700
4.443050
5.899200
5.295000
5.527650
4.146950
4.774900
5.285400
4.982650
5.218650
5.093550
5.615050
5.968450
5.873250
5.408950
4.862400
5.556000
5.864800
5.400950
5.034300
5.376450
5.149400
6.262850
4.461350
5.474050
5.205450
6.160900
5.319000
5.914500
4.629700
5.055500
5.431200
6.275650
6.192300
4.829500
5.563000
5.130250
6.287950
5.445550
5.143300
4.993850
5.782750
5.557600
5.918750
5.751600
6.092950
5.451150
5.495150
5.470950
5.450600
6.211650
5.858350
6.121350
5.101750
5.964700
4.634600
5.279350
5.206900
5.857700
5.935850
4.772500
5.493500
6.004550
4.728700
5.847200
5.256600
4.864950
5.389750
5.368250
4.591850
5.067600
5.001400
5.209200
5.902600
4.762850
5.165000
5.485800
5.453400
5.004050
5.346850
5.709450
5.871400
5.779550
4.688000
5.457600
5.469650
6.060700
5.258400
5.021400
5.433550
5.848000
6.272150
4.869550
4.260050
5.247800
4.788750
4.007050
5.761750
6.243850
5.698950
4.985300
5.668450
5.119300
5.630400
5.574900
4.475500
5.200850
4.986500
4.635850
5.238600
5.109450
5.896900
5.438900
5.581900
5.354350
5.201800
5.400300
5.629950
6.075950
5.184450
5.013300
4.673800
5.565700
5.925550
5.489300
5.217650
6.391950
5.319050
6.107500
5.372850
5.879450
5.523250
5.278600
5.730750
5.410850
5.651400
5.725650
4.795200
5.768550
5.109400
5.116550
5.810050
5.442250
5.049200
5.380500
5.686350
5.134400
5.284950
5.563300
4.819500
5.583600
4.971800
5.839450
5.200050
5.664650
5.110900
5.231450
4.849450
4.929700
5.358200
5.190950
5.814700
6.367950
5.594900
5.115250
6.143800
5.260350
5.464400
5.293850
5.189850
5.166800
4.511900
5.472250
5.626150
5.765800
5.484450
5.280450
5.642800
4.899100
5.167700
5.675450
5.548150
5.728250
4.985600
5.002250
5.424600
4.923550
5.345950
4.329150
5.420900
5.570850
5.361100
4.864400
5.343850
5.341850
5.269700
5.914350
4.729200
4.969500
5.423350
5.918050
4.811050
5.219350
5.119600
6.064300
4.724600
5.768200
5.045900
4.939600
5.356800
5.969750
6.104550
6.089250
5.151000
6.076450
6.161950
5.909150
5.470100
5.270150
5.475600
5.859100
5.371200
5.855350
6.009200
4.038350
4.743900
3.839600
5.501350
5.346850
4.177850
4.951750
5.237300
4.875650
5.487750
5.287250
5.105200
5.542900
5.512950
5.378050
5.538000
5.433600
4.502600
4.554350
5.310200
5.746300
5.637500
5.399500
5.147600
4.790200
4.670400
5.540000
4.240250
4.968700
5.922900
5.842750
4.438200
5.526150
4.825800
4.343300
4.414350
5.078950
4.168900
4.874550
4.690200
4.520100
4.311350
4.184650
4.695600
4.482300
4.449600
4.821400
4.743450
5.025200
4.023250
5.608750
5.194900
5.275550
5.818050
3.982150
5.211750
4.253900
4.866650
4.962350
5.008100
6.455950
5.101950
5.233700
5.399650
5.214100
4.316600
3.848100
4.467850
4.590000
5.275550
6.046700
5.208450
5.125650
5.031850
5.364500
4.937700
4.388500
4.954300
4.958250
4.074500
5.278800
4.927400
5.292350
5.464300
4.847300
4.736000
4.809450
5.184600
5.000100
5.238100
5.388250
4.811200
4.752600
4.616900
6.107600
5.279000
5.061700
5.435000
5.585800
4.868400
6.122850
4.495000
4.896350
4.070600
4.881000
5.205100
5.605150
6.093300
4.351950
4.836950
4.844300
5.270400
5.274300
4.519450
5.418450
5.161700
5.454050
4.752550
5.473400
4.989250
4.884250
5.325350
4.383050
5.861050
5.495700
4.889200
5.098950
5.605550
4.973200
4.752650
4.223850
4.501950
4.583050
5.163200
6.566200
4.714550
5.570500
4.891550
5.193900
5.712350
4.938050
5.296750
